0.00000e+00
1.21954e+04
1.29725e+05
1.82771e+05
2.23335e+05
2.57390e+05
2.87261e+05
3.14143e+05
3.38752e+05
3.61551e+05
3.82864e+05
4.02930e+05
4.21926e+05
4.39991e+05
4.57237e+05
4.73754e+05
4.89616e+05
5.04886e+05
5.19617e+05
5.33854e+05
5.47635e+05
5.60997e+05
5.73968e+05
5.86574e+05
5.98841e+05
6.10788e+05
6.22435e+05
6.33799e+05
6.44896e+05
6.55740e+05
6.66343e+05
6.76719e+05
6.86877e+05
6.96828e+05
7.06581e+05
7.16146e+05
7.25529e+05
7.34740e+05
7.43784e+05
7.52668e+05
7.61399e+05
7.69983e+05
7.78424e+05
7.86728e+05
7.94901e+05
8.02946e+05
8.10868e+05
8.18672e+05
8.26360e+05
8.33938e+05
8.41409e+05
8.48775e+05
8.56041e+05
8.63209e+05
8.70283e+05
8.77266e+05
8.84159e+05
8.90967e+05
8.97691e+05
9.04334e+05
9.10898e+05
9.17385e+05
9.23799e+05
9.30140e+05
9.36412e+05
9.42615e+05
9.48752e+05
9.54825e+05
9.60836e+05
9.66786e+05
9.72677e+05
9.78511e+05
9.84289e+05
9.90013e+05
9.95684e+05
1.00130e+06
1.00688e+06
1.01240e+06
1.01787e+06
1.02330e+06
1.02869e+06
1.03403e+06
1.03933e+06
1.04460e+06
1.04982e+06
1.05500e+06
1.06015e+06
1.06526e+06
1.07034e+06
1.07538e+06
1.08039e+06
1.08537e+06
1.09032e+06
1.09524e+06
1.10013e+06
1.10499e+06
1.10983e+06
1.11464e+06
1.11943e+06
1.12419e+06
1.12893e+06
1.13365e+06
1.13834e+06
1.14302e+06
1.14768e+06
1.15232e+06
1.15694e+06
1.16155e+06
1.16614e+06
1.17071e+06
1.17527e+06
1.17982e+06
1.18435e+06
1.18887e+06
1.19338e+06
1.19788e+06
1.20237e+06
1.20685e+06
1.21132e+06
1.21579e+06
1.22025e+06
1.22470e+06
1.22914e+06
1.23359e+06
1.23803e+06
1.24246e+06
1.24689e+06
1.25132e+06
1.25575e+06
1.26018e+06
1.26461e+06
1.26904e+06
1.27347e+06
1.27791e+06
1.28235e+06
1.28679e+06
1.29123e+06
1.29568e+06
1.30014e+06
1.30460e+06
1.30907e+06
1.31355e+06
1.31803e+06
1.32253e+06
1.32703e+06
1.33155e+06
1.33607e+06
1.34061e+06
1.34516e+06
1.34972e+06
1.35430e+06
1.35889e+06
1.36349e+06
1.36811e+06
1.37275e+06
1.37740e+06
1.38208e+06
1.38677e+06
1.39148e+06
1.39621e+06
1.40096e+06
1.40573e+06
1.41052e+06
1.41533e+06
1.42017e+06
1.42504e+06
1.42992e+06
1.43483e+06
1.43977e+06
1.44474e+06
1.44973e+06
1.45475e+06
1.45980e+06
1.46488e+06
1.46999e+06
1.47513e+06
1.48030e+06
1.48550e+06
1.49074e+06
1.49601e+06
1.50132e+06
1.50666e+06
1.51204e+06
1.51745e+06
1.52291e+06
1.52840e+06
1.53393e+06
1.53950e+06
1.54512e+06
1.55077e+06
1.55647e+06
1.56221e+06
1.56800e+06
1.57383e+06
1.57971e+06
1.58563e+06
1.59161e+06
1.59763e+06
1.60370e+06
1.60983e+06
1.61600e+06
1.62223e+06
1.62851e+06
1.63484e+06
1.64123e+06
1.64768e+06
1.65418e+06
1.66075e+06
1.66737e+06
1.67405e+06
1.68080e+06
1.68760e+06
1.69447e+06
1.70141e+06
1.70841e+06
1.71548e+06
1.72262e+06
1.72982e+06
1.73710e+06
1.74444e+06
1.75186e+06
1.75936e+06
1.76693e+06
1.77457e+06
1.78229e+06
1.79010e+06
1.79798e+06
1.80594e+06
1.81399e+06
1.82212e+06
1.83033e+06
1.83864e+06
1.84703e+06
1.85551e+06
1.86408e+06
1.87274e+06
1.88150e+06
1.89036e+06
1.89931e+06
1.90836e+06
1.91751e+06
1.92676e+06
1.93611e+06
1.94558e+06
1.95514e+06
1.96482e+06
1.97461e+06
1.98451e+06
1.99452e+06
2.00465e+06
2.01489e+06
2.02526e+06
2.03575e+06
2.04636e+06
2.05709e+06
2.06796e+06
2.07895e+06
2.09007e+06
2.10133e+06
2.11273e+06
2.12426e+06
2.13593e+06
2.14775e+06
2.15971e+06
2.17181e+06
2.18407e+06
2.19648e+06
2.20905e+06
2.22177e+06
2.23465e+06
2.24769e+06
2.26090e+06
2.27428e+06
2.28782e+06
2.30154e+06
2.31544e+06
2.32951e+06
2.34377e+06
2.35822e+06
2.37285e+06
2.38767e+06
2.40269e+06
2.41790e+06
2.43332e+06
2.44894e+06
2.46477e+06
2.48082e+06
2.49707e+06
2.51355e+06
2.53025e+06
2.54717e+06
2.56433e+06
2.58172e+06
2.59935e+06
2.61722e+06
2.63534e+06
2.65371e+06
2.67234e+06
2.69123e+06
2.71038e+06
2.72980e+06
2.74949e+06
2.76947e+06
2.78973e+06
2.81027e+06
2.83111e+06
2.85225e+06
2.87370e+06
2.89546e+06
2.91753e+06
2.93992e+06
2.96264e+06
2.98570e+06
3.00909e+06
3.03283e+06
3.05692e+06
3.08137e+06
3.10619e+06
3.13138e+06
3.15695e+06
3.18290e+06
3.20925e+06
3.23600e+06
3.26316e+06
3.29073e+06
3.31873e+06
3.34715e+06
3.37602e+06
3.40534e+06
3.43512e+06
3.46536e+06
3.49608e+06
3.52728e+06
3.55898e+06
3.59118e+06
3.62390e+06
3.65713e+06
3.69091e+06
3.72522e+06
3.76010e+06
3.79554e+06
3.83156e+06
3.86816e+06
3.90537e+06
3.94320e+06
3.98165e+06
4.02073e+06
4.06048e+06
4.10088e+06
4.14197e+06
4.18375e+06
4.22624e+06
4.26945e+06
4.31339e+06
4.35809e+06
4.40357e+06
4.44982e+06
4.49688e+06
4.54476e+06
4.59347e+06
4.64304e+06
4.69348e+06
4.74481e+06
4.79706e+06
4.85023e+06
4.90436e+06
4.95946e+06
5.01556e+06
5.07267e+06
5.13082e+06
5.19003e+06
5.25032e+06
5.31173e+06
5.37427e+06
5.43797e+06
5.50286e+06
5.56896e+06
5.63631e+06
5.70492e+06
5.77484e+06
5.84608e+06
5.91869e+06
5.99269e+06
6.06811e+06
6.14500e+06
6.22338e+06
6.30328e+06
6.38476e+06
6.46783e+06
6.55255e+06
6.63895e+06
6.72707e+06
6.81695e+06
6.90864e+06
7.00219e+06
7.09763e+06
7.19501e+06
7.29439e+06
7.39581e+06
7.49932e+06
7.60498e+06
7.71283e+06
7.82295e+06
7.93538e+06
8.05018e+06
8.16741e+06
8.28714e+06
8.40943e+06
8.53436e+06
8.66197e+06
8.79236e+06
8.92558e+06
9.06172e+06
9.20086e+06
9.34307e+06
9.48843e+06
9.63704e+06
9.78897e+06
9.94433e+06
1.01032e+07
1.02657e+07
1.04319e+07
1.06019e+07
1.07758e+07
1.09537e+07
1.11358e+07
1.13221e+07
1.15129e+07
1.17081e+07
1.19079e+07
1.21126e+07
1.23221e+07
1.25367e+07
1.27564e+07
1.29815e+07
1.32121e+07
1.34484e+07
1.36905e+07
1.39386e+07
1.41929e+07
1.44536e+07
1.47208e+07
1.49948e+07
1.52758e+07
1.55639e+07
1.58595e+07
1.61627e+07
1.64738e+07
1.67930e+07
1.71206e+07
1.74568e+07
1.78019e+07
1.81563e+07
1.85202e+07
1.88938e+07
1.92776e+07
1.96719e+07
2.00769e+07
2.04932e+07
2.09209e+07
2.13605e+07
2.18125e+07
2.22772e+07
2.27551e+07
2.32465e+07
2.37520e+07
2.42721e+07
2.48072e+07
2.53580e+07
2.59248e+07
2.65083e+07
2.71092e+07
2.77279e+07
2.83652e+07
2.90216e+07
2.96980e+07
3.03950e+07
3.11134e+07
3.18539e+07
3.26174e+07
3.34048e+07
3.42169e+07
3.50547e+07
3.59191e+07
3.68111e+07
3.77319e+07
3.86824e+07
3.96640e+07
4.06777e+07
4.17249e+07
4.28068e+07
4.39249e+07
4.50805e+07
4.62752e+07
4.75107e+07
4.87884e+07
5.01102e+07
5.14780e+07
5.28934e+07
5.43587e+07
5.58759e+07
5.74471e+07
5.90747e+07
6.07611e+07
6.25088e+07
6.43204e+07
6.61989e+07
6.81470e+07
7.01680e+07
7.22650e+07
7.44415e+07
7.67010e+07
7.90474e+07
8.14846e+07
8.40167e+07
8.66483e+07
8.93840e+07
9.22287e+07
9.51875e+07
9.82659e+07
1.01470e+08
1.04805e+08
1.08278e+08
1.11896e+08
1.15666e+08
1.19595e+08
1.23692e+08
1.27964e+08
1.32422e+08
1.37074e+08
1.41931e+08
1.47003e+08
1.52303e+08
1.57840e+08
1.63630e+08
1.69685e+08
1.76019e+08
1.82649e+08
1.89590e+08
1.96860e+08
2.04477e+08
2.12462e+08
2.20835e+08
2.29619e+08
2.38837e+08
2.48516e+08
2.58682e+08
2.69366e+08
2.80598e+08
2.92411e+08
3.04843e+08
3.17930e+08
3.31715e+08
3.46241e+08
3.61556e+08
3.77711e+08
3.94761e+08
4.12765e+08
4.31787e+08
4.51894e+08
4.73161e+08
4.95668e+08
5.19499e+08
5.44749e+08
5.71518e+08
5.99915e+08
6.30056e+08
6.62071e+08
6.96098e+08
7.32287e+08
7.70803e+08
8.11822e+08
8.55540e+08
9.02167e+08
9.51935e+08
1.00510e+09
1.06192e+09
1.12272e+09
1.18782e+09
1.25757e+09
1.33239e+09
1.41271e+09
1.49900e+09
1.59180e+09
1.69170e+09
1.79933e+09
1.91542e+09
2.04075e+09
2.17620e+09
2.32275e+09
2.48148e+09
2.65359e+09
2.84042e+09
3.04348e+09
3.26444e+09
3.50518e+09
3.76781e+09
4.05469e+09
4.36848e+09
4.71219e+09
5.08920e+09
5.50334e+09
5.95895e+09
6.46095e+09
7.01495e+09
7.62731e+09
8.30531e+09
9.05726e+09
9.89269e+09
1.08225e+10
1.18593e+10
1.30176e+10
1.43139e+10
1.57678e+10
1.74014e+10
1.92409e+10
2.13164e+10
2.36630e+10
2.63220e+10
2.93412e+10
3.27769e+10
3.66951e+10
4.11732e+10
4.63021e+10
5.21889e+10
5.89599e+10
6.67633e+10
7.57741e+10
8.61983e+10
9.82778e+10
1.12297e+11
1.28588e+11
1.47540e+11
1.69604e+11
1.95302e+11
2.25230e+11
2.60067e+11
3.00577e+11
3.47602e+11
4.02059e+11
4.64917e+11
5.37174e+11
6.19823e+11
7.13780e+11
8.19816e+11
9.38511e+11
1.07011e+12
1.21447e+12
1.37097e+12
1.53841e+12
1.71499e+12
1.89841e+12
2.08591e+12
2.27384e+12
2.45842e+12
2.63626e+12
2.80283e+12
2.95507e+12
3.09191e+12
3.20598e+12
3.29538e+12
3.36322e+12
3.40165e+12
3.41627e+12
3.41593e+12
3.38051e+12
3.32802e+12
3.27059e+12
3.18679e+12
3.09938e+12
3.01357e+12
2.90522e+12
2.81395e+12
2.74539e+12
2.67190e+12
2.63025e+12
2.61421e+12
2.60425e+12
2.63168e+12
2.68579e+12
2.76380e+12
2.87311e+12
2.98344e+12
3.12192e+12
3.27255e+12
3.41213e+12
3.53982e+12
3.67211e+12
3.76282e+12
3.81785e+12
3.87833e+12
3.88436e+12
3.81352e+12
3.81962e+12
3.76821e+12
3.66928e+12
3.67544e+12
3.62376e+12
3.56576e+12
3.58625e+12
3.52905e+12
3.46497e+12
3.42421e+12
3.29865e+12
3.23697e+12
3.07992e+12
2.92097e+12
2.75420e+12
2.51898e+12
2.39342e+12
2.22778e+12
2.01825e+12
1.97319e+12
1.89810e+12
1.74181e+12
1.77168e+12
1.68725e+12
1.63394e+12
1.70379e+12
1.64646e+12
1.67107e+12
1.69761e+12
1.64212e+12
1.70397e+12
1.84032e+12
1.83442e+12
2.01021e+12
2.19544e+12
2.28021e+12
2.57290e+12
2.83956e+12
3.07037e+12
3.44793e+12
3.62381e+12
3.91793e+12
4.20694e+12
4.04960e+12
4.02126e+12
4.20682e+12
3.75042e+12
3.64487e+12
3.55935e+12
3.23892e+12
3.05613e+12
2.99509e+12
2.79770e+12
2.73199e+12
2.63604e+12
2.61633e+12
2.55850e+12
2.43509e+12
2.49290e+12
2.40404e+12
2.21055e+12
2.32470e+12
2.35425e+12
2.27725e+12
2.30784e+12
2.35490e+12
2.35054e+12
2.37180e+12
2.25811e+12
2.21158e+12
2.12230e+12
1.94075e+12
1.83157e+12
1.60855e+12
1.48556e+12
1.34430e+12
1.29733e+12
1.16886e+12
1.14746e+12
1.17379e+12
1.17204e+12
1.17435e+12
1.23630e+12
1.28000e+12
1.17160e+12
1.39272e+12
1.52501e+12
1.10887e+12
1.23590e+12
1.51699e+12
1.23760e+12
1.16178e+12
1.35199e+12
1.32159e+12
1.18590e+12
1.31027e+12
1.26996e+12
1.14830e+12
1.24941e+12
1.12786e+12
9.85734e+11
1.04363e+12
8.74485e+11
7.65111e+11
7.75326e+11
6.47264e+11
6.34265e+11
6.17927e+11
5.31602e+11
5.87192e+11
6.04932e+11
5.32335e+11
5.77619e+11
6.72396e+11
5.02614e+11
5.08178e+11
7.87455e+11
3.73838e+11
5.82561e+11
4.95743e+11
3.24430e+11
5.07895e+11
4.85391e+11
3.47587e+11
3.73499e+11
3.92741e+11
3.48906e+11
2.84165e+11
2.86625e+11
2.80092e+11
2.29965e+11
2.19235e+11
2.15611e+11
1.98307e+11
1.88138e+11
1.84414e+11
1.84456e+11
1.77502e+11
1.70724e+11
1.87740e+11
1.82443e+11
1.98561e+11
1.99284e+11
2.06027e+11
2.24954e+11
2.18775e+11
2.41595e+11
2.50340e+11
2.58385e+11
2.89843e+11
2.73585e+11
3.28198e+11
2.87831e+11
3.51044e+11
2.83519e+11
3.52547e+11
2.88052e+11
2.99907e+11
2.92930e+11
2.72616e+11
3.17908e+11
2.93911e+11
3.23619e+11
3.40743e+11
3.41198e+11
3.86174e+11
3.27257e+11
3.98360e+11
3.84502e+11
3.73493e+11
4.21866e+11
3.72384e+11
4.20379e+11
3.64770e+11
4.31721e+11
4.26576e+11
4.00743e+11
3.16799e+11
4.20651e+11
3.88409e+11
3.62745e+11
2.99357e+11
4.47563e+11
3.16285e+11
2.63348e+11
2.63943e+11
2.87357e+11
2.35409e+11
2.27590e+11
1.84117e+11
1.78187e+11
1.55398e+11
1.61350e+11
1.58345e+11
1.59366e+11
1.34741e+11
1.28989e+11
1.20647e+11
1.46548e+11
1.62502e+11
1.70419e+11
1.34213e+11
1.24099e+11
1.27809e+11
1.34995e+11
1.40443e+11
1.37318e+11
1.33240e+11
1.32771e+11
1.43546e+11
1.29348e+11
1.18072e+11
1.16512e+11
1.22056e+11
1.29214e+11
1.23473e+11
1.05875e+11
1.12676e+11
1.14244e+11
1.19122e+11
1.40381e+11
1.14230e+11
1.32427e+11
1.42479e+11
1.43299e+11
1.58537e+11
1.36323e+11
1.58023e+11
1.65385e+11
1.64443e+11
1.79909e+11
1.69951e+11
1.83150e+11
1.82386e+11
1.92206e+11
1.95511e+11
1.94057e+11
1.83219e+11
1.89246e+11
1.95589e+11
1.75811e+11
1.66317e+11
1.44059e+11
1.58452e+11
1.48060e+11
1.52951e+11
1.31002e+11
1.37253e+11
1.24817e+11
1.15614e+11
1.22033e+11
1.12188e+11
1.25674e+11
8.99161e+10
1.12773e+11
1.24721e+11
9.36030e+10
1.25390e+11
1.04506e+11
8.87005e+10
9.90682e+10
1.10292e+11
1.01587e+11
1.07237e+11
1.00667e+11
1.17739e+11
1.07111e+11
1.01388e+11
9.62275e+10
9.75181e+10
1.01303e+11
9.28378e+10
8.54995e+10
8.83938e+10
8.69472e+10
8.37973e+10
8.05884e+10
7.60052e+10
7.88916e+10
7.84753e+10
8.19244e+10
8.71442e+10
8.61783e+10
7.90765e+10
9.04103e+10
9.15170e+10
1.01382e+11
9.10104e+10
1.35396e+11
9.42398e+10
1.19126e+11
1.09867e+11
1.11831e+11
1.11863e+11
1.12901e+11
1.06776e+11
1.15212e+11
1.01479e+11
1.14472e+11
1.05356e+11
9.76212e+10
9.60078e+10
8.47192e+10
8.60219e+10
8.74831e+10
7.87984e+10
7.40357e+10
7.42852e+10
7.20822e+10
7.78604e+10
7.78820e+10
7.35368e+10
7.58346e+10
9.28681e+10
8.25815e+10
8.62615e+10
6.66442e+10
8.35861e+10
9.54535e+10
9.13010e+10
9.47661e+10
9.72512e+10
9.02845e+10
8.34857e+10
8.42071e+10
9.30057e+10
9.46796e+10
1.00370e+11
9.86364e+10
9.89750e+10
8.81683e+10
8.42171e+10
7.83257e+10
7.41400e+10
7.48609e+10
6.93927e+10
7.44482e+10
7.26486e+10
7.14315e+10
7.70575e+10
8.77516e+10
8.64017e+10
7.17790e+10
8.27098e+10
8.08190e+10
8.16874e+10
8.93552e+10
7.91453e+10
7.72194e+10
9.08107e+10
7.92922e+10
7.70902e+10
6.97693e+10
9.46286e+10
9.00982e+10
7.98562e+10
7.09363e+10
7.91816e+10
7.59654e+10
6.64469e+10
6.26737e+10
6.61243e+10
8.05178e+10
6.14750e+10
6.16339e+10
5.06384e+10
5.56846e+10
5.48344e+10
5.64484e+10
5.91092e+10
5.92251e+10
6.25139e+10
6.15146e+10
5.67642e+10
6.21552e+10
6.60031e+10
7.15676e+10
6.61087e+10
7.65732e+10
6.58410e+10
6.90064e+10
8.08010e+10
7.66924e+10
6.28396e+10
8.82910e+10
6.88489e+10
6.50298e+10
6.53015e+10
6.27767e+10
5.64001e+10
5.49322e+10
5.23569e+10
4.82248e+10
4.67457e+10
5.23014e+10
5.04159e+10
5.36846e+10
5.14748e+10
6.08536e+10
5.89529e+10
4.76423e+10
5.34560e+10
6.29650e+10
6.22822e+10
7.26092e+10
6.14244e+10
6.38668e+10
7.17744e+10
6.40509e+10
7.28919e+10
6.06034e+10
5.99237e+10
6.17223e+10
9.41536e+10
7.58437e+10
4.98897e+10
5.51157e+10
5.12186e+10
5.01474e+10
5.49252e+10
4.39445e+10
5.20357e+10
4.64454e+10
5.01595e+10
5.75564e+10
4.49072e+10
4.75750e+10
5.09357e+10
4.73839e+10
4.80031e+10
5.71393e+10
5.10220e+10
6.16668e+10
5.24225e+10
8.40338e+10
5.35082e+10
8.18122e+10
5.25555e+10
6.22610e+10
6.66451e+10
6.05385e+10
6.83026e+10
5.73045e+10
5.78133e+10
5.50920e+10
5.30215e+10
5.08609e+10
4.69706e+10
5.79357e+10
5.14514e+10
4.02161e+10
4.19582e+10
5.40060e+10
3.93763e+10
3.72191e+10
4.07985e+10
4.31635e+10
3.84989e+10
4.30893e+10
4.79527e+10
4.97773e+10
4.12994e+10
4.15392e+10
4.42473e+10
4.27636e+10
4.94212e+10
4.78748e+10
4.54652e+10
4.82864e+10
5.06015e+10
5.00775e+10
4.39194e+10
4.35295e+10
4.24633e+10
4.14610e+10
3.90774e+10
3.99691e+10
3.65405e+10
3.35637e+10
3.70842e+10
3.44644e+10
3.33303e+10
3.41652e+10
3.47701e+10
3.48246e+10
3.73507e+10
3.64832e+10
3.58034e+10
3.90591e+10
4.72150e+10
3.95254e+10
4.96904e+10
5.44849e+10
5.01064e+10
4.55722e+10
7.65591e+10
6.20761e+10
5.86508e+10
5.01977e+10
5.20828e+10
5.12305e+10
5.35253e+10
5.63743e+10
5.76451e+10
4.28386e+10
5.13295e+10
4.23214e+10
4.40138e+10
4.14958e+10
3.83078e+10
4.14628e+10
4.36941e+10
3.40560e+10
3.28134e+10
3.12994e+10
3.18328e+10
3.15945e+10
3.40804e+10
3.24381e+10
3.37958e+10
4.29281e+10
4.10758e+10
3.66607e+10
4.50501e+10
3.75714e+10
4.72496e+10
4.01498e+10
4.26946e+10
4.06588e+10
3.80843e+10
4.17026e+10
4.13918e+10
3.19613e+10
3.70009e+10
3.62546e+10
4.32037e+10
3.49051e+10
2.93169e+10
2.99444e+10
2.81254e+10
2.86623e+10
2.99336e+10
2.61544e+10
3.39070e+10
2.69526e+10
3.23110e+10
2.85051e+10
3.36041e+10
3.40930e+10
3.47988e+10
3.56351e+10
3.52048e+10
3.95596e+10
3.91447e+10
3.85237e+10
4.04500e+10
3.68435e+10
3.78092e+10
