0.00000e+00
3.73134e+06
3.96922e+07
5.59235e+07
6.83363e+07
7.87574e+07
8.78986e+07
9.61259e+07
1.03658e+08
1.10636e+08
1.17161e+08
1.23304e+08
1.29121e+08
1.34654e+08
1.39937e+08
1.44998e+08
1.49860e+08
1.54541e+08
1.59059e+08
1.63428e+08
1.67659e+08
1.71762e+08
1.75748e+08
1.79625e+08
1.83400e+08
1.87079e+08
1.90668e+08
1.94174e+08
1.97600e+08
2.00952e+08
2.04233e+08
2.07448e+08
2.10599e+08
2.13690e+08
2.16724e+08
2.19704e+08
2.22633e+08
2.25512e+08
2.28345e+08
2.31134e+08
2.33880e+08
2.36585e+08
2.39252e+08
2.41882e+08
2.44476e+08
2.47038e+08
2.49567e+08
2.52065e+08
2.54534e+08
2.56976e+08
2.59391e+08
2.61780e+08
2.64145e+08
2.66488e+08
2.68808e+08
2.71108e+08
2.73388e+08
2.75650e+08
2.77893e+08
2.80120e+08
2.82331e+08
2.84527e+08
2.86710e+08
2.88879e+08
2.91035e+08
2.93181e+08
2.95315e+08
2.97440e+08
2.99556e+08
3.01663e+08
3.03763e+08
3.05857e+08
3.07944e+08
3.10026e+08
3.12103e+08
3.14177e+08
3.16247e+08
3.18315e+08
3.20381e+08
3.22446e+08
3.24510e+08
3.26575e+08
3.28640e+08
3.30708e+08
3.32777e+08
3.34849e+08
3.36925e+08
3.39005e+08
3.41090e+08
3.43181e+08
3.45277e+08
3.47381e+08
3.49492e+08
3.51610e+08
3.53738e+08
3.55875e+08
3.58022e+08
3.60180e+08
3.62349e+08
3.64531e+08
3.66724e+08
3.68932e+08
3.71153e+08
3.73389e+08
3.75640e+08
3.77908e+08
3.80192e+08
3.82494e+08
3.84814e+08
3.87153e+08
3.89511e+08
3.91890e+08
3.94290e+08
3.96711e+08
3.99155e+08
4.01623e+08
4.04115e+08
4.06631e+08
4.09173e+08
4.11742e+08
4.14338e+08
4.16962e+08
4.19615e+08
4.22298e+08
4.25011e+08
4.27756e+08
4.30533e+08
4.33344e+08
4.36189e+08
4.39070e+08
4.41986e+08
4.44940e+08
4.47931e+08
4.50962e+08
4.54033e+08
4.57146e+08
4.60300e+08
4.63498e+08
4.66741e+08
4.70029e+08
4.73364e+08
4.76747e+08
4.80179e+08
4.83662e+08
4.87197e+08
4.90784e+08
4.94426e+08
4.98124e+08
5.01878e+08
5.05691e+08
5.09565e+08
5.13499e+08
5.17497e+08
5.21559e+08
5.25687e+08
5.29883e+08
5.34148e+08
5.38484e+08
5.42894e+08
5.47378e+08
5.51938e+08
5.56577e+08
5.61297e+08
5.66098e+08
5.70984e+08
5.75957e+08
5.81018e+08
5.86171e+08
5.91416e+08
5.96757e+08
6.02196e+08
6.07735e+08
6.13377e+08
6.19125e+08
6.24980e+08
6.30947e+08
6.37028e+08
6.43225e+08
6.49542e+08
6.55982e+08
6.62548e+08
6.69244e+08
6.76071e+08
6.83036e+08
6.90139e+08
6.97386e+08
7.04781e+08
7.12326e+08
7.20027e+08
7.27887e+08
7.35910e+08
7.44102e+08
7.52466e+08
7.61007e+08
7.69731e+08
7.78642e+08
7.87745e+08
7.97046e+08
8.06550e+08
8.16263e+08
8.26191e+08
8.36339e+08
8.46715e+08
8.57324e+08
8.68174e+08
8.79272e+08
8.90623e+08
9.02237e+08
9.14120e+08
9.26281e+08
9.38728e+08
9.51469e+08
9.64513e+08
9.77870e+08
9.91548e+08
1.00556e+09
1.01991e+09
1.03461e+09
1.04968e+09
1.06512e+09
1.08095e+09
1.09718e+09
1.11381e+09
1.13087e+09
1.14837e+09
1.16632e+09
1.18474e+09
1.20364e+09
1.22304e+09
1.24295e+09
1.26339e+09
1.28438e+09
1.30594e+09
1.32808e+09
1.35083e+09
1.37421e+09
1.39824e+09
1.42293e+09
1.44833e+09
1.47444e+09
1.50130e+09
1.52893e+09
1.55735e+09
1.58661e+09
1.61672e+09
1.64773e+09
1.67965e+09
1.71253e+09
1.74641e+09
1.78131e+09
1.81728e+09
1.85436e+09
1.89259e+09
1.93201e+09
1.97268e+09
2.01464e+09
2.05794e+09
2.10264e+09
2.14879e+09
2.19645e+09
2.24567e+09
2.29654e+09
2.34910e+09
2.40344e+09
2.45963e+09
2.51774e+09
2.57786e+09
2.64007e+09
2.70446e+09
2.77113e+09
2.84018e+09
2.91171e+09
2.98583e+09
3.06266e+09
3.14232e+09
3.22494e+09
3.31066e+09
3.39961e+09
3.49195e+09
3.58785e+09
3.68746e+09
3.79097e+09
3.89856e+09
4.01043e+09
4.12679e+09
4.24787e+09
4.37390e+09
4.50513e+09
4.64182e+09
4.78425e+09
4.93272e+09
5.08755e+09
5.24907e+09
5.41763e+09
5.59361e+09
5.77743e+09
5.96949e+09
6.17026e+09
6.38022e+09
6.59990e+09
6.82984e+09
7.07062e+09
7.32289e+09
7.58731e+09
7.86460e+09
8.15552e+09
8.46091e+09
8.78164e+09
9.11866e+09
9.47299e+09
9.84570e+09
1.02380e+10
1.06511e+10
1.10864e+10
1.15453e+10
1.20294e+10
1.25404e+10
1.30802e+10
1.36507e+10
1.42541e+10
1.48926e+10
1.55689e+10
1.62855e+10
1.70455e+10
1.78522e+10
1.87089e+10
1.96195e+10
2.05882e+10
2.16195e+10
2.27183e+10
2.38901e+10
2.51407e+10
2.64768e+10
2.79054e+10
2.94344e+10
3.10724e+10
3.28290e+10
3.47146e+10
3.67409e+10
3.89207e+10
4.12683e+10
4.37994e+10
4.65317e+10
4.94847e+10
5.26803e+10
5.61429e+10
5.98998e+10
6.39816e+10
6.84228e+10
7.32620e+10
7.85431e+10
8.43153e+10
9.06346e+10
9.75644e+10
1.05177e+11
1.13555e+11
1.22792e+11
1.32995e+11
1.44290e+11
1.56817e+11
1.70742e+11
1.86254e+11
2.03575e+11
2.22961e+11
2.44712e+11
2.69180e+11
2.96775e+11
3.27983e+11
3.63376e+11
4.03633e+11
4.49559e+11
5.02114e+11
5.62443e+11
6.31922e+11
7.12199e+11
8.05262e+11
9.13508e+11
1.03983e+12
1.18774e+12
1.36149e+12
1.56621e+12
1.80812e+12
2.09475e+12
2.43513e+12
2.84009e+12
3.32252e+12
3.89760e+12
4.58304e+12
5.39920e+12
6.36912e+12
7.51837e+12
8.87479e+12
1.04681e+13
1.23296e+13
1.44923e+13
1.69915e+13
1.98668e+13
2.31659e+13
2.69492e+13
3.12951e+13
3.63051e+13
4.21014e+13
4.88289e+13
5.67282e+13
6.62599e+13
7.63315e+13
7.99553e+13
7.71503e+13
7.43610e+13
7.05217e+13
6.78261e+13
6.46380e+13
6.21994e+13
5.94420e+13
5.71143e+13
5.51597e+13
5.24746e+13
5.10432e+13
4.89327e+13
4.79968e+13
4.77238e+13
4.89884e+13
5.03234e+13
5.58109e+13
6.36953e+13
1.04809e+14
6.43551e+13
1.10840e+14
4.88199e+13
5.94722e+13
7.04221e+13
6.49791e+13
5.86277e+13
5.76723e+13
5.24874e+13
5.04389e+13
4.69779e+13
4.44045e+13
4.26761e+13
3.93046e+13
3.98374e+13
4.02165e+13
3.46367e+13
3.12951e+13
3.06353e+13
3.02605e+13
2.61258e+13
2.61166e+13
2.36439e+13
2.49413e+13
2.52332e+13
2.74457e+13
3.08030e+13
3.66585e+13
3.56794e+13
4.76987e+13
3.75928e+13
2.04077e+16
