9.522065555759248e-15
9.522057792109238e-15
9.522000196458286e-15
9.521858669019706e-15
9.521577115019344e-15
9.521092126532842e-15
9.520428505673317e-15
9.519430052664725e-15
9.518209865986669e-15
9.516520022948174e-15
9.514580901865513e-15
9.512133298156525e-15
9.509081467295717e-15
9.50576734587374e-15
9.501596400407564e-15
9.49717279505943e-15
9.491717937430654e-15
9.486034258163879e-15
9.479133948225162e-15
9.47204250392684e-15
9.463538223586773e-15
9.454516776228719e-15
9.445042563323076e-15
9.433841128871844e-15
9.422601164452313e-15
9.409411126805583e-15
9.396266150591663e-15
9.380937726043973e-15
9.365750430435278e-15
9.348135858208021e-15
9.330023672869135e-15
9.31151933017288e-15
9.290202545279381e-15
9.269320207613529e-15
9.245355862059361e-15
9.221964122730775e-15
9.195210773845836e-15
9.16917995948885e-15
9.139498166172464e-15
9.110700616884107e-15
9.079243108222264e-15
9.044912719765933e-15
9.011731545697392e-15
8.974136619070618e-15
8.93788300686134e-15
8.896897379805717e-15
8.857458367011785e-15
8.812964430424333e-15
8.770237035818644e-15
8.724016530330544e-15
