12532.039658553313
622058.4219505738
831173.6268443522
951172.832318441
1.0394091080531083e6
1.1110123514349386e6
1.1732426310182058e6
1.2957866132675502e6
1.4273602584905275e6
1.540280910573832e6
1.6272917908063822e6
1.7042499193775177e6
1.7720037690717026e6
1.8250905218276242e6
1.873804186286708e6
1.9117387406030556e6
1.946262155715729e6
1.9728895841981815e6
1.9968777228626574e6
2.0151967802131088e6
2.0315639648572854e6
2.0444727164794141e6
2.0547457876219396e6
2.0640265551856493e6
2.0713001018615777e6
2.0782004964052208e6
2.084014737084243e6
2.090068609163574e6
2.0957251086577564e6
2.102225982927836e6
2.1091033359186323e6
2.11649528090697e6
2.1255718289528075e6
2.135070611914734e6
2.1466557177394074e6
2.158529325557603e6
2.1725048214885225e6
2.1860764461056204e6
2.2007382968842466e6
2.212988131770405e6
2.2221503995990176e6
2.2232414123275857e6
2.2086800364030143e6
2.1562603126774128e6
2.0049691875693253e6
2.0664307685371381e6
2.3170904438629313e6
2.7491486333166873e6
3.3462174337617513e6
4.2763443394104205e6
