0
7.324218757012967e-15
7.32427028215553e-15
7.324431603620365e-15
7.324686051092961e-15
7.32501719986714e-15
7.325497223875117e-15
7.326056253722645e-15
7.326677204108981e-15
7.327486836815419e-15
7.328306243638781e-15
7.329341440672484e-15
7.330363364349821e-15
7.331628625108374e-15
7.332857004504729e-15
7.33435669242864e-15
7.335795346346938e-15
7.337533690910249e-15
7.339186319895686e-15
7.341167418074616e-15
7.343037605529605e-15
7.34526542352718e-15
7.34735663745022e-15
7.349835012373363e-15
7.352150606580828e-15
7.354727873920945e-15
7.357588999969048e-15
7.360247206635143e-15
7.363190920802542e-15
7.366442720235085e-15
7.369450457182865e-15
7.372767840902038e-15
7.376417819088786e-15
7.379781635841626e-15
7.383701033797695e-15
7.387305696769958e-15
7.391497548696515e-15
7.395345702239356e-15
7.39981292408324e-15
7.403907108203685e-15
7.408652499295425e-15
7.412995150781082e-15
7.418021395056571e-15
7.422614848879814e-15
7.427924516321213e-15
7.432771006688797e-15
7.438366554704134e-15
7.44346821636949e-15
7.449351991065894e-15
7.454710860502458e-15
7.460885098145728e-15
7.466503114713141e-15
7.47296994295997e-15
7.47884895015888e-15
7.485610389502109e-15
7.491752136047565e-15
7.498810101046407e-15
7.505216242218e-15
7.512572542988453e-15
7.519665817255079e-15
7.526471452381517e-15
7.534278425299568e-15
7.541352191821327e-15
7.549461577144523e-15
7.556804812555579e-15
7.565218065039566e-15
7.572832018502205e-15
7.58155049446623e-15
7.589436328188685e-15
7.598461286824584e-15
7.606620077494462e-15
7.615952682296945e-15
7.624385421949387e-15
7.634026741983367e-15
7.642734339458918e-15
7.647689320569782e-15
