0.0
14921.991582794823
14921.991582794823
14921.991582794823
14921.991582794823
14921.991582794823
14921.991582794823
14921.991582794823
14848.520199582237
14848.520199582237
14775.33011162885
14775.33011162885
14702.420669012183
14702.420669012183
14629.791221512283
14629.791221512283
14557.441118709621
14557.441118709621
14485.36970989468
14485.36970989468
14413.57634407659
14413.57634407659
14342.060370134688
14342.060370134688
14270.821136552933
14270.821136552933
14199.85799172006
14199.85799172006
14129.170283738318
14129.170283738318
14058.757360460639
14058.757360460639
13988.61856957783
13988.61856957783
13918.75325859718
13918.75325859718
13849.160774780737
13849.160774780737
13814.46663899565
13745.282171494966
13745.282171494966
13676.368898547824
13676.368898547824
13607.726166615177
13607.726166615177
13539.353322136287
13539.353322136287
13471.24971136361
13471.24971136361
13403.414680577287
13403.414680577287
13335.847575504227
13335.847575504227
13268.547742051664
13268.547742051664
13201.514525612369
13201.514525612369
13134.747272033934
13134.747272033934
13068.245326489856
13068.245326489856
13002.00803433479
13002.00803433479
12936.034740534848
12936.034740534848
12870.324790235909
12870.324790235909
12804.877528306435
12804.877528306435
12739.692299574754
12739.692299574754
12674.768448625593
12674.768448625593
12610.105320095414
12610.105320095414
12545.702258503492
12545.702258503492
12481.55860828435
12481.55860828435
12417.673713739216
12417.673713739216
12354.046919323124
12354.046919323124
12290.677569080546
12290.677569080546
12227.565007243198
12227.565007243198
12164.708577913732
12164.708577913732
12102.107625293855
12102.107625293855
12039.761493297501
12039.761493297501
11977.669525987312
11977.669525987312
11915.831067237956
11915.831067237956
11885.006698640196
11823.547272723968
11823.547272723968
11762.339715356646
11762.339715356646
11701.383370416796
11701.383370416796
11640.677581830967
11640.677581830967
11580.221693551302
11580.221693551302
11520.01504935577
11520.01504935577
11460.056993544922
11460.056993544922
11400.346869798623
11400.346869798623
11340.88402237924
11340.88402237924
11281.667795148056
11281.667795148056
11222.697532366457
11222.697532366457
11163.972578118448
11163.972578118448
11105.492276604547
11105.492276604547
11047.25597202216
11047.25597202216
10989.263008899581
10989.263008899581
10931.512731583856
10931.512731583856
10874.004484246376
10874.004484246376
10816.737611630877
10816.737611630877
10759.711458360032
10759.711458360032
10702.925369481996
10702.925369481996
10646.378689509575
10646.378689509575
10590.070763617641
10590.070763617641
10534.000936744085
10534.000936744085
10478.168554160759
10478.168554160759
10422.572960949276
10422.572960949276
10367.213503130435
10367.213503130435
10312.08952585136
10312.08952585136
10257.200374837617
10257.200374837617
10202.545396279138
10202.545396279138
10148.123935763964
10148.123935763964
10093.935339894151
10093.935339894151
10039.97895494883
10039.97895494883
9986.254127509035
9986.254127509035
9932.760204304699
9932.760204304699
9879.496532293939
9879.496532293939
9826.46245849484
9826.46245849484
9773.657330349337
9773.657330349337
9721.080495331398
9721.080495331398
9668.731301340576
9668.731301340576
9616.609096040413
9616.609096040413
9564.713227861179
9564.713227861179
9513.043045209395
9513.043045209395
9461.597896617288
9461.597896617288
9410.377131089064
9410.377131089064
9359.38009780089
9359.38009780089
9308.60614620743
9308.60614620743
9258.054625877678
9258.054625877678
9207.724886648664
9207.724886648664
9157.616278946029
9157.616278946029
9107.728153233287
9107.728153233287
9058.059860355692
9058.059860355692
9008.61075112892
9008.61075112892
8959.380177114814
8959.380177114814
8910.367489821327
8910.367489821327
8861.57204168184
8861.57204168184
8812.99318459519
8812.99318459519
8764.63027148674
8764.63027148674
8716.48265521341
8716.48265521341
8668.549689025964
8668.549689025964
8620.830726642358
8620.830726642358
8573.325122157905
8573.325122157905
8526.03222976269
8526.03222976269
8478.951404332818
8478.951404332818
8432.082001046205
8432.082001046205
8385.423375126247
8385.423375126247
8338.974882660339
8338.974882660339
8292.735879484078
8292.735879484078
8246.705722686982
8246.705722686982
8200.883768968524
8200.883768968524
8155.269375960116
8155.269375960116
8109.861901451746
8109.861901451746
8064.66070373612
8064.66070373612
8019.665141532207
8019.665141532207
7974.874574009963
7974.874574009963
7930.2883605695115
7930.2883605695115
7885.905861267622
7885.905861267622
7841.72643671143
7841.72643671143
7797.749447674992
7797.749447674992
7753.974255554085
7753.974255554085
7710.400222296423
7710.400222296423
7667.026709922622
7667.026709922622
7623.853081545155
7623.853081545155
7580.878700463327
7580.878700463327
7538.102930481196
7538.102930481196
7495.525135785979
7495.525135785979
7453.144681074221
7453.144681074221
7410.960931766957
7410.960931766957
7368.97325366561
7368.97325366561
7327.181013060718
7327.181013060718
7285.583576966496
7285.583576966496
7244.18031276715
7244.18031276715
7202.970588495584
7202.970588495584
7161.953772378823
7161.953772378823
7121.129233773925
7121.129233773925
7080.496342408938
7080.496342408938
7040.0544680893
7040.0544680893
6999.802981888886
6999.802981888886
6959.741255309482
6959.741255309482
6919.868659719373
6919.868659719373
6880.184568181337
6880.184568181337
6840.688353750297
6840.688353750297
6801.379390020204
6801.379390020204
6762.257051486895
6762.257051486895
6723.320712968915
6723.320712968915
6684.569750238102
6684.569750238102
6646.003539352185
6646.003539352185
6607.621457435547
6607.621457435547
6569.4228816502555
6569.4228816502555
6531.407190511835
6531.407190511835
6493.573762755371
6493.573762755371
6455.921977727119
6455.921977727119
6418.4512156563005
6418.4512156563005
6381.160857178904
6381.160857178904
6344.05028416809
6344.05028416809
6307.118878410983
6307.118878410983
6270.366023092525
6270.366023092525
6233.7911014404
6233.7911014404
6197.393497870727
6197.393497870727
6161.172597384086
6161.172597384086
6125.127785849643
6125.127785849643
6089.258449520757
6089.258449520757
6053.5639754586855
6053.5639754586855
6018.043751685447
6018.043751685447
5982.6971669325385
5982.6971669325385
5947.52361023652
5947.52361023652
5912.522471925267
5912.522471925267
5877.693142778342
5877.693142778342
5843.035014230388
5843.035014230388
5808.54747918387
5808.54747918387
5774.229930471792
5774.229930471792
5740.081762123394
5740.081762123394
5706.102368933045
5706.102368933045
5672.291146331998
5672.291146331998
5638.647490817062
5638.647490817062
5605.170799417873
5605.170799417873
5571.8604698725685
5571.8604698725685
5538.715901156022
5538.715901156022
5505.736492741113
5505.736492741113
5472.921645150805
5472.921645150805
5440.270759545355
5440.270759545355
5407.783238025363
5407.783238025363
5375.458483313004
5375.458483313004
5343.295899489809
5343.295899489809
5311.2948910437535
5311.2948910437535
5279.454863434192
5279.454863434192
5247.775222896591
5247.775222896591
5216.255376808823
5216.255376808823
5169.27392759923
5169.27392759923
5169.27392759923
5138.150979880015
5138.150979880015
5107.185758767906
5107.185758767906
5076.377675326493
5076.377675326493
5045.726141666
5045.726141666
5015.23057088003
5015.23057088003
4984.890376916294
4984.890376916294
4954.704974657553
4954.704974657553
4924.6737798738895
4924.6737798738895
4894.796209030747
4894.796209030747
4865.071679853834
4865.071679853834
4835.4996110287275
4835.4996110287275
4806.0794219314885
4806.0794219314885
4776.810532956181
4776.810532956181
4747.69236549975
4747.69236549975
4718.724341999332
4718.724341999332
4689.905885835467
4689.905885835467
4661.236421262005
4661.236421262005
4632.715373416993
4632.715373416993
4604.342168752728
4604.342168752728
4576.1162344635795
4576.1162344635795
4548.0369986297765
4548.0369986297765
4520.10389054913
4520.10389054913
4492.316340391921
4492.316340391921
4464.673779440443
4464.673779440443
4437.17563985224
4437.17563985224
4409.821355017774
4409.821355017774
4382.610358960224
4382.610358960224
4355.542087179752
4355.542087179752
4342.061296626158
4315.206054609276
4315.206054609276
4288.492129562653
4288.492129562653
4261.9189603992545
4261.9189603992545
4235.485986997381
4235.485986997381
4209.192650388297
4209.192650388297
4183.038392676349
4183.038392676349
4157.0226567442505
4157.0226567442505
4131.144887103731
4131.144887103731
4105.4045288928955
4105.4045288928955
4079.801028351809
4079.801028351809
4054.333832903222
4054.333832903222
4029.002391078716
4029.002391078716
4003.8061524793034
4003.8061524793034
3978.7445676127636
3978.7445676127636
3953.817088336697
3953.817088336697
3929.0231675511077
3929.0231675511077
3904.362259148259
3904.362259148259
3879.83381824956
3879.83381824956
3855.4373009021315
3855.4373009021315
3831.17216451587
3831.17216451587
3807.0378674675944
3807.0378674675944
3783.033869275327
3783.033869275327
3759.1596306348006
3759.1596306348006
3735.4146132907135
3735.4146132907135
3711.798280221151
3711.798280221151
3688.3100955804657
3688.3100955804657
3664.9495244423306
3664.9495244423306
3641.716033271183
3641.716033271183
3618.6090895516304
3618.6090895516304
3607.1029068768416
3584.1847885547722
3584.1847885547722
3561.3918914922274
3561.3918914922274
3538.7236873818124
3538.7236873818124
3516.179649057467
3516.179649057467
3493.75925019894
3493.75925019894
3471.461966162341
3471.461966162341
3449.2872731895786
3449.2872731895786
3427.2346486652164
3427.2346486652164
3405.3035713459935
3405.3035713459935
3383.4935211485486
3383.4935211485486
3361.803979048028
3361.803979048028
3340.2344272689543
3340.2344272689543
3318.784349309992
3318.784349309992
3297.453229847745
3297.453229847745
3276.2405546498603
3276.2405546498603
3255.1458109096843
3255.1458109096843
3234.168486912984
3234.168486912984
3213.308072231885
3213.308072231885
3192.564057561968
3192.564057561968
3171.935934878703
3171.935934878703
3151.423197305666
3151.423197305666
3131.0253393482617
3131.0253393482617
3110.741856724321
3110.741856724321
3090.572246315693
3090.572246315693
3070.5160061536053
3070.5160061536053
3050.572635648103
3050.572635648103
3030.7416355003784
3030.7416355003784
3011.0225076935094
3011.0225076935094
2991.414755233199
2991.414755233199
2971.9178824602905
2971.9178824602905
2952.5313952829865
2952.5313952829865
2933.2548003492448
2933.2548003492448
2914.087605958208
2914.087605958208
2895.029321659228
2895.029321659228
2876.079457964866
2876.079457964866
2857.237527144471
2857.237527144471
2838.5030422469426
2838.5030422469426
2819.8755178569545
2819.8755178569545
2801.3544697979037
2801.3544697979037
2782.9394152171617
2782.9394152171617
2764.6298724624207
2764.6298724624207
2746.4253612155762
2746.4253612155762
2728.3254025231477
2728.3254025231477
2710.3295185679353
2710.3295185679353
2692.4372329697285
2692.4372329697285
2674.648070472977
2674.648070472977
2656.9615573703936
2656.9615573703936
2639.3772210492834
2639.3772210492834
2621.8945903218837
2621.8945903218837
2604.513195211921
2604.513195211921
2587.2325671239128
2587.2325671239128
2570.052238687083
2570.052238687083
2552.971743925957
2552.971743925957
2535.9906181208
2535.9906181208
2519.1083978798542
2519.1083978798542
2502.3246210955963
2502.3246210955963
2485.638827130576
2485.638827130576
2469.0505564836135
2469.0505564836135
2452.559351116771
2452.559351116771
2436.164754298521
2436.164754298521
2419.8663104704497
2419.8663104704497
2403.663565562297
2403.663565562297
2387.5560667103773
2387.5560667103773
2371.543362568998
2371.543362568998
2355.6250028804648
2355.6250028804648
2339.800538952676
2339.800538952676
2324.0695233016863
2324.0695233016863
2308.431509785311
2308.431509785311
2292.886053655629
2292.886053655629
2277.4327114674807
2277.4327114674807
2262.0710410604006
2262.0710410604006
2246.8006017555986
2246.8006017555986
2231.6209540613636
2231.6209540613636
2216.5316599067232
2216.5316599067232
2201.532282575862
2201.532282575862
2186.622386730626
2186.622386730626
2171.801538286796
2171.801538286796
2157.0693045608477
2157.0693045608477
2142.4252542336026
2142.4252542336026
2127.8689573166075
2127.8689573166075
2113.399985148583
2113.399985148583
2099.0179105407296
2099.0179105407296
2084.7223074323183
2084.7223074323183
2070.5127513669904
2070.5127513669904
2056.3888190510897
2056.3888190510897
2042.3500886962074
2042.3500886962074
2028.3961397335956
2028.3961397335956
2014.5265530827849
2014.5265530827849
2000.7409109406744
2000.7409109406744
1987.0387967634085
1987.0387967634085
1973.4197956041344
1973.4197956041344
1959.8834937934755
1959.8834937934755
1946.429478848801
1946.429478848801
1933.0573398872393
1933.0573398872393
1919.766667185341
1919.766667185341
1906.5570525393055
1906.5570525393055
1893.4280890294751
1893.4280890294751
1880.3793711565531
1880.3793711565531
1867.4104946396887
1867.4104946396887
1854.5210567707763
1854.5210567707763
1841.7106560353009
1841.7106560353009
1828.97889236703
1828.97889236703
1816.3253670156132
1816.3253670156132
1803.7496826208603
1803.7496826208603
1791.2514431766556
1791.2514431766556
1778.8302540606678
1778.8302540606678
1766.4857219913604
1766.4857219913604
1754.2174550306413
1754.2174550306413
1742.0250626747898
1742.0250626747898
1729.9081557360907
1729.9081557360907
1717.8663463584069
1717.8663463584069
1705.8992480476072
1705.8992480476072
1694.006475756763
1694.006475756763
1682.1876457710955
1682.1876457710955
1670.4423756961503
1670.4423756961503
1658.7702845578747
1658.7702845578747
1647.1709926240183
1647.1709926240183
1635.6441216881199
1635.6441216881199
1624.1892947775518
1624.1892947775518
1612.8061363343336
1612.8061363343336
1601.4942721689292
1601.4942721689292
1590.253329379384
1590.253329379384
1579.0829365029044
1579.0829365029044
1567.9827234508841
1567.9827234508841
1556.9523214102228
1556.9523214102228
1545.991362914969
1545.991362914969
1535.0994819792231
1535.0994819792231
1524.2763139268848
1524.2763139268848
1513.521495311593
1513.521495311593
1502.834664171636
1502.834664171636
1492.21545986665
1492.21545986665
1481.663523127825
1481.663523127825
1471.1784959858196
1471.1784959858196
1460.760021864747
1460.760021864747
1450.4077454672054
1450.4077454672054
1440.1213129803646
1440.1213129803646
1429.900371804084
1429.900371804084
1419.7445707653524
1419.7445707653524
1409.6535600099949
1409.6535600099949
1399.626990995897
1399.626990995897
1389.6645166146848
1389.6645166146848
1379.765790981766
1379.765790981766
1369.9304696607264
1369.9304696607264
1360.1582094967853
1360.1582094967853
1350.4486686726968
1350.4486686726968
1340.8015066944483
1340.8015066944483
1331.216384499082
1331.216384499082
1321.692964261019
1321.692964261019
1312.2309094792165
1312.2309094792165
1302.8298850750587
1302.8298850750587
1293.4895571969296
1293.4895571969296
1284.2095934253732
1284.2095934253732
1274.9896625809058
1274.9896625809058
1265.8294348766228
1265.8294348766228
1256.7285817566178
1256.7285817566178
1247.6867760920877
1247.6867760920877
1238.703692046377
1238.703692046377
1229.7790050616654
1229.7790050616654
1220.912391923256
1220.912391923256
1212.1035307838054
1212.1035307838054
1203.3521010235982
1203.3521010235982
1194.657783354761
1194.657783354761
1186.0202598360486
1186.0202598360486
1177.4392138122253
1177.4392138122253
1168.9143299886234
1168.9143299886234
1160.4452942757073
1160.4452942757073
1152.0317939687445
1152.0317939687445
1143.6735176648947
1143.6735176648947
1135.370155185379
1135.370155185379
1127.1213977571435
1127.1213977571435
1118.9269377964602
1118.9269377964602
1110.7864690939386
1110.7864690939386
1102.6996867017
1102.6996867017
1094.666286982532
1094.666286982532
1086.685967567434
1086.685967567434
1078.7584273507136
1078.7584273507136
1070.8833665422865
1070.8833665422865
1063.0604866625142
1063.0604866625142
1055.2894904436016
1055.2894904436016
1047.5700819535673
1047.5700819535673
1039.901966489272
1039.901966489272
1032.2848506455928
1032.2848506455928
1024.718442303778
1024.718442303778
1017.2024505991342
1017.2024505991342
1009.7365858965939
1009.7365858965939
1002.3205599243453
1002.3205599243453
994.9540855795705
994.9540855795705
987.6368770755103
987.6368770755103
980.3686498380746
980.3686498380746
973.1491205529611
973.1491205529611
965.9780072051318
965.9780072051318
958.8550289778833
958.8550289778833
951.779906348821
951.779906348821
944.752360973372
944.752360973372
937.7721158214375
937.7721158214375
930.8388950645556
930.8388950645556
923.9524241329665
923.9524241329665
917.1124296707583
917.1124296707583
910.3186395517066
910.3186395517066
903.5707829069207
903.5707829069207
896.8685900926179
896.8685900926179
890.2117926943157
890.2117926943157
883.6001234723743
883.6001234723743
877.0333164519639
877.0333164519639
870.5111068636054
870.5111068636054
864.0332311497511
864.0332311497511
857.5994269457599
857.5994269457599
851.2094331486585
851.2094331486585
844.8629898032002
844.8629898032002
838.5598382122945
838.5598382122945
832.2997208245723
832.2997208245723
826.0823813373192
826.0823813373192
819.9075646058368
819.9075646058368
813.7750166956523
813.7750166956523
807.6844848572381
807.6844848572381
801.635717534323
801.635717534323
795.6284643370187
795.6284643370187
789.6624760581402
789.6624760581402
783.7375047009547
783.7375047009547
777.853303418447
777.853303418447
772.0096265326509
772.0096265326509
766.2062295533644
766.2062295533644
760.4428691189731
760.4428691189731
754.7193030750985
754.7193030750985
749.035290399207
749.035290399207
743.3905912533925
743.3905912533925
737.7849668961627
737.7849668961627
732.2181798025339
732.2181798025339
726.6899935849607
726.6899935849607
721.2001729792858
721.2001729792858
715.7484838688318
715.7484838688318
710.3346932786445
710.3346932786445
704.9585693634341
704.9585693634341
699.6198814374038
699.6198814374038
694.3183999016713
694.3183999016713
691.6815401078429
686.4354401817611
686.4354401817611
681.2259776373504
681.2259776373504
676.0529268333061
676.0529268333061
670.9160632234111
670.9160632234111
665.8151633991636
665.8151633991636
660.7500050673515
660.7500050673515
655.7203670278456
655.7203670278456
650.726029162901
650.726029162901
645.7667724606675
645.7667724606675
640.8423790472824
640.8423790472824
635.9526321014307
635.9526321014307
631.0973158894677
631.0973158894677
626.2762158127223
626.2762158127223
621.4891183058619
621.4891183058619
616.7358108814427
616.7358108814427
612.0160821655726
612.0160821655726
607.3297218383997
607.3297218383997
602.6765206524271
602.6765206524271
598.0562704083328
598.0562704083328
593.4687640333639
593.4687640333639
588.9137954178168
588.9137954178168
584.3911596071109
584.3911596071109
579.9006526224532
579.9006526224532
575.4420715877648
575.4420715877648
571.015214653646
571.015214653646
566.6198810108468
566.6198810108468
562.2558708805901
562.2558708805901
557.9229855577252
557.9229855577252
553.6210273395491
553.6210273395491
549.3497995696272
549.3497995696272
545.1091066081419
545.1091066081419
540.8987538478306
540.8987538478306
536.7185476884905
536.7185476884905
532.5682955633914
532.5682955633914
528.4478059058621
528.4478059058621
524.3568881581499
524.3568881581499
520.2953527825133
520.2953527825133
516.2630112269687
516.2630112269687
512.2596759637806
512.2596759637806
508.2851604430311
508.2851604430311
504.33927909026085
504.33927909026085
500.42184735806615
500.42184735806615
496.532681664213
496.532681664213
492.6715994032138
492.6715994032138
488.8384189727709
488.8384189727709
485.0329597212828
485.0329597212828
481.2550419755892
481.2550419755892
477.50448703866533
477.50448703866533
473.78111718638047
473.78111718638047
470.0847556269302
470.0847556269302
466.4152265421992
466.4152265421992
462.77235506524534
462.77235506524534
459.1559672989835
459.1559672989835
455.5658902779696
455.5658902779696
452.0019519681625
452.0019519681625
448.46398130763197
448.46398130763197
444.95180814722386
444.95180814722386
441.46526326899294
441.46526326899294
438.004178418241
438.004178418241
434.56838624405515
434.56838624405515
431.15772029955826
431.15772029955826
427.77201508512803
427.77201508512803
424.4111060173303
424.4111060173303
421.07482942268217
421.07482942268217
417.7630225072045
417.7630225072045
414.47552342964013
414.47552342964013
411.2121712296385
411.2121712296385
407.97280582984786
407.97280582984786
404.75726807193433
404.75726807193433
401.5653996833538
401.5653996833538
398.3970432697013
398.3970432697013
395.2520423382579
395.2520423382579
392.13024125893986
392.13024125893986
389.0314853055814
389.0314853055814
385.9556205905567
385.9556205905567
382.9024941233583
382.9024941233583
379.8719537853277
379.8719537853277
376.86384830399476
376.86384830399476
373.87802726817074
373.87802726817074
370.9143411314898
370.9143411314898
367.97264120026193
367.97264120026193
365.0527796165179
365.0527796165179
362.15460940042715
362.15460940042715
359.27798439026674
359.27798439026674
356.42275927058563
356.42275927058563
353.58878956008556
353.58878956008556
350.7759316090616
350.7759316090616
347.9840426039
347.9840426039
345.2129805326243
345.2129805326243
342.4626042429615
342.4626042429615
339.7327733798874
339.7327733798874
337.0233484001922
337.0233484001922
334.33419058861676
334.33419058861676
331.6651620221777
331.6651620221777
329.0161255814158
329.0161255814158
326.38694497066194
326.38694497066194
323.77748466069863
323.77748466069863
321.18760994483665
321.18760994483665
318.6171868937323
318.6171868937323
316.0660823641021
316.0660823641021
313.5341640003721
313.5341640003721
311.02130023343705
311.02130023343705
308.5273602576197
308.5273602576197
306.0522140528771
306.0522140528771
303.59573237574216
303.59573237574216
301.15778672357544
301.15778672357544
298.7382493871787
298.7382493871787
296.33699340384027
296.33699340384027
293.9538925587926
293.9538925587926
291.58882141160746
291.58882141160746
289.24165525017867
289.24165525017867
286.9122701255316
286.9122701255316
284.60054282940797
284.60054282940797
282.3063508882319
282.3063508882319
280.0295725701653
280.0295725701653
277.7700868637186
277.7700868637186
275.52777350719845
275.52777350719845
273.3025129620511
273.3025129620511
271.0941863976765
271.0941863976765
268.902675710841
268.902675710841
266.72786352221374
266.72786352221374
264.56963315644447
264.56963315644447
262.427868647643
262.427868647643
260.3024547463804
260.3024547463804
258.1932769033174
258.1932769033174
256.100221265504
256.100221265504
254.02317467351455
254.02317467351455
251.9620246696664
251.9620246696664
249.91665948091673
249.91665948091673
247.8869680186881
247.8869680186881
245.87283988689376
245.87283988689376
243.87416536161652
243.87416536161652
241.89083539464733
241.89083539464733
239.92274162488823
239.92274162488823
238.94437462820324
