0
7.3242189876159e-15
7.32427787655269e-15
7.324468178151029e-15
7.324697341738519e-15
7.325118603555788e-15
7.325521639554116e-15
7.326086536537613e-15
7.326857435639211e-15
7.327523621689784e-15
7.328529626713254e-15
7.329372719181273e-15
7.330615347650248e-15
7.331636454446592e-15
7.333117143205868e-15
7.334524825574755e-15
7.335814898756431e-15
7.337655195522482e-15
7.339125788006013e-15
7.341207384183074e-15
7.342859392234396e-15
7.345183442787829e-15
7.347017702557074e-15
7.349585282506702e-15
7.351602570450664e-15
7.354414675465052e-15
7.35661570874717e-15
7.359673255699569e-15
7.362058692615574e-15
7.365362520354637e-15
7.367932961031414e-15
7.371483831292794e-15
7.37470689312796e-15
7.377555839195662e-15
7.381478535200713e-15
7.384513735547245e-15
7.388685047659188e-15
7.391906904777475e-15
7.396327333150154e-15
7.399736195069096e-15
7.404406168005634e-15
7.408002329377912e-15
7.41292220471185e-15
7.416705907912923e-15
7.421875974537652e-15
7.425847410828592e-15
7.431267890332691e-15
7.435427201114502e-15
7.441098249369789e-15
7.446177907138324e-15
7.450619188746558e-15
7.456666243119577e-15
7.46129554292123e-15
7.46759327999562e-15
7.472410575080968e-15
7.478958934927676e-15
7.483964158614118e-15
7.490763023758272e-15
7.495956066878127e-15
7.5030052642988e-15
7.50838597678797e-15
7.51568527977378e-15
7.52125347202847e-15
7.52880260219799e-15
7.534558046579081e-15
7.542356675803328e-15
7.548299108075907e-15
7.556346860354244e-15
7.562475981171674e-15
7.570772434713055e-15
7.577087911011832e-15
7.585632600030122e-15
7.592134066540745e-15
7.600926483188297e-15
7.607613543779517e-15
7.616653140060261e-15
7.623525369162469e-15
7.632811558705553e-15
7.639868502664682e-15
7.649400662570658e-15
7.656641841003077e-15
7.666419313595377e-15
7.673844220697087e-15
7.682605921728758e-15
7.692750058366e-15
7.700449557533174e-15
7.71083722171699e-15
7.71871908200829e-15
7.729349507590924e-15
7.737413143965634e-15
7.748285537413375e-15
7.756530344877637e-15
7.76764388674358e-15
7.776069241377686e-15
7.787423087761163e-15
7.796028347854317e-15
7.807621631767106e-15
7.816406138818962e-15
7.828237971573517e-15
7.83720105128577e-15
7.84927052373943e-15
7.85841148692869e-15
7.870717670776879e-15
7.880035814333376e-15
7.89257776321202e-15
7.902072370933308e-15
7.914849121615799e-15
7.924519465058933e-15
7.937530038505557e-15
7.947375377745853e-15
7.960618780147238e-15
7.970638364567317e-15
7.984113588332691e-15
7.994306657324107e-15
8.008012682001892e-15
8.018378465663258e-15
8.032314258864185e-15
8.042851978643887e-15
8.05701649682862e-15
8.06772536613749e-15
8.082117555494147e-15
8.092996780336637e-15
8.107615577519086e-15
8.118664356978059e-15
8.133508689787202e-15
8.144726216620682e-15
8.159795004738226e-15
8.171180465847132e-15
8.18647262150167e-15
8.19802519840749e-15
8.213539626946465e-15
8.22525849623443e-15
8.240994096694195e-15
8.252878430464362e-15
8.268834096164625e-15
8.280883062392106e-15
8.297057681429998e-15
8.309270444371741e-15
8.325662900138686e-15
8.338038620674715e-15
8.354647792260037e-15
8.367185628252233e-15
8.381900578504253e-15
8.39883271390721e-15
8.41161213820744e-15
8.428758171253184e-15
8.441697594476115e-15
8.459056392795189e-15
8.472154964358953e-15
8.489725392929584e-15
8.502982260992573e-15
8.520763182656597e-15
8.534177493747722e-15
8.552167769002741e-15
8.565738668587813e-15
8.58393715834162e-15
8.597663791383833e-15
8.616069354262553e-15
8.629950860815694e-15
8.64856235685462e-15
8.66259788855913e-15
8.681414191170143e-15
8.695602880340045e-15
8.714622796457679e-15
8.728963759208716e-15
8.748186137142516e-15
8.762678834166791e-15
8.782102893177405e-15
8.79674563622079e-15
8.816369524450374e-15
8.831162620500639e-15
8.850985582160254e-15
8.865927677386708e-15
8.885949268672327e-15
8.901039592561958e-15
8.921258395552958e-15
8.936494643519834e-15
8.956911908114783e-15
8.972296579614604e-15
8.992905549241714e-15
9.000663508327987e-15
