0.0
3.185854511841356e10
3.185854511841356e10
3.185854511841356e10
3.185854511841356e10
3.185854511841356e10
3.185854511841356e10
3.185854511841356e10
3.1713457894435104e10
3.1713457894435104e10
3.1568256744308384e10
3.1568256744308384e10
3.142294817506888e10
3.142294817506888e10
3.1277538703690228e10
3.1277538703690228e10
3.1132034857211723e10
3.1132034857211723e10
3.0986443170799595e10
3.0986443170799595e10
3.0840770186936455e10
3.0840770186936455e10
3.0695022455972786e10
3.0695022455972786e10
3.0549206532534298e10
3.0549206532534298e10
3.04033289775045e10
3.04033289775045e10
3.0257396355267815e10
3.0257396355267815e10
3.0111415233027306e10
3.0111415233027306e10
2.9965392180716095e10
2.9965392180716095e10
2.9819333769960045e10
2.9819333769960045e10
2.967324657226905e10
2.967324657226905e10
2.9600194231558575e10
2.945407617277706e10
2.945407617277706e10
2.9307945752824543e10
2.9307945752824543e10
2.916180953628433e10
2.916180953628433e10
2.9015674085690956e10
2.9015674085690956e10
2.886954595892358e10
2.886954595892358e10
2.8723431710125824e10
2.8723431710125824e10
2.857733788342017e10
2.857733788342017e10
2.843127101880546e10
2.843127101880546e10
2.8285237644974636e10
2.8285237644974636e10
2.81392442866706e10
2.81392442866706e10
2.7993297453959522e10
2.7993297453959522e10
2.784740364875673e10
2.784740364875673e10
2.7701569359096596e10
2.7701569359096596e10
2.7555801062942715e10
2.7555801062942715e10
2.7410105223287094e10
2.7410105223287094e10
2.7264488289149773e10
2.7264488289149773e10
2.7118956693182426e10
2.7118956693182426e10
2.697351685323874e10
2.697351685323874e10
2.6828175169752876e10
2.6828175169752876e10
2.6682938025290276e10
2.6682938025290276e10
2.653781178324515e10
2.653781178324515e10
2.639280278872525e10
2.639280278872525e10
2.624791736425971e10
2.624791736425971e10
2.610316181269879e10
2.610316181269879e10
2.5958542413804676e10
2.5958542413804676e10
2.5814065425837852e10
2.5814065425837852e10
2.566973708119092e10
2.566973708119092e10
2.552556358869538e10
2.552556358869538e10
2.5381551130856674e10
2.5381551130856674e10
2.5309607215425552e10
2.5165847845308697e10
2.5165847845308697e10
2.5022264851171474e10
2.5022264851171474e10
2.4878864319767956e10
2.4878864319767956e10
2.473565230940639e10
2.473565230940639e10
2.4592634848145027e10
2.4592634848145027e10
2.444981793233675e10
2.444981793233675e10
2.430720752968345e10
2.430720752968345e10
2.416480957221487e10
2.416480957221487e10
2.4022629961224354e10
2.4022629961224354e10
2.388067456229371e10
2.388067456229371e10
2.373894920856904e10
2.373894920856904e10
2.3597459696219685e10
2.3597459696219685e10
2.34562117860725e10
2.34562117860725e10
2.3315211201517117e10
2.3315211201517117e10
2.317446362976724e10
2.317446362976724e10
2.303397471848007e10
2.303397471848007e10
2.2893750075756058e10
2.2893750075756058e10
2.2753795272615513e10
2.2753795272615513e10
2.26141158384881e10
2.26141158384881e10
2.247471726207954e10
2.247471726207954e10
2.2335604989467884e10
2.2335604989467884e10
2.2196784426320415e10
2.2196784426320415e10
2.2058260934003002e10
2.2058260934003002e10
2.1920039830850883e10
2.1920039830850883e10
2.1782126390722855e10
2.1782126390722855e10
2.1644525843842552e10
2.1644525843842552e10
2.150724337420183e10
2.150724337420183e10
2.1370284118972893e10
2.1370284118972893e10
2.1233653170794125e10
2.1233653170794125e10
2.109735557399955e10
2.109735557399955e10
2.0961396326646645e10
2.0961396326646645e10
2.082578037651663e10
2.082578037651663e10
2.0690512624525417e10
2.0690512624525417e10
2.0555597920915966e10
2.0555597920915966e10
2.0421041067525974e10
2.0421041067525974e10
2.0286846815390793e10
2.0286846815390793e10
2.0153019864694958e10
2.0153019864694958e10
2.00195648649251e10
2.00195648649251e10
1.9886486414218117e10
1.9886486414218117e10
1.9753789057191807e10
1.9753789057191807e10
1.9621477287247993e10
1.9621477287247993e10
1.9489555544335484e10
1.9489555544335484e10
1.9358028215340084e10
1.9358028215340084e10
1.922689963310614e10
1.922689963310614e10
1.909617407650122e10
1.909617407650122e10
1.896585576989723e10
1.896585576989723e10
1.8835948882436005e10
1.8835948882436005e10
1.8706457527944996e10
1.8706457527944996e10
1.8577385765818287e10
1.8577385765818287e10
1.844873759715725e10
1.844873759715725e10
1.8320516969904133e10
1.8320516969904133e10
1.819272777332131e10
1.819272777332131e10
1.8065373840584312e10
1.8065373840584312e10
1.793845894774761e10
1.793845894774761e10
1.781198681283362e10
1.781198681283362e10
1.7685961097388233e10
1.7685961097388233e10
1.756038540442918e10
1.756038540442918e10
1.74352632788179e10
1.74352632788179e10
1.7372873395900497e10
1.7248438141363525e10
1.7248438141363525e10
1.712446506147026e10
1.712446506147026e10
1.70009574964494e10
1.70009574964494e10
1.6877918727801907e10
1.6877918727801907e10
1.6755351977821575e10
1.6755351977821575e10
1.6633260409532642e10
1.6633260409532642e10
1.6511647126601309e10
1.6511647126601309e10
1.6390515173106823e10
1.6390515173106823e10
1.6269867533682467e10
1.6269867533682467e10
1.6149707132760777e10
1.6149707132760777e10
1.6030036835828342e10
1.6030036835828342e10
1.5910859448064287e10
1.5910859448064287e10
1.5792177714714878e10
1.5792177714714878e10
1.567399432158805e10
1.567399432158805e10
1.5556311894184895e10
1.5556311894184895e10
1.5439132997973047e10
1.5439132997973047e10
1.5322460138413969e10
1.5322460138413969e10
1.5206295761149996e10
1.5206295761149996e10
1.5090642251774345e10
1.5090642251774345e10
1.4975501936312284e10
1.4975501936312284e10
1.4860877079950191e10
1.4860877079950191e10
1.474676988927944e10
1.474676988927944e10
1.4633182509852125e10
1.4633182509852125e10
1.4520117028326801e10
1.4520117028326801e10
1.4407575471495808e10
1.4407575471495808e10
1.4295559806732054e10
1.4295559806732054e10
1.4184071941930872e10
1.4184071941930872e10
1.4073113725648014e10
1.4073113725648014e10
1.396268694734208e10
1.396268694734208e10
1.3852793337309055e10
1.3852793337309055e10
1.374343456730094e10
1.374343456730094e10
1.3634612250223976e10
1.3634612250223976e10
1.3526327940261936e10
1.3526327940261936e10
1.3418583133308355e10
1.3418583133308355e10
1.3311379267354614e10
1.3311379267354614e10
1.3204717722026648e10
1.3204717722026648e10
1.309859982002087e10
1.309859982002087e10
1.2993026825371365e10
1.2993026825371365e10
1.2887999945930357e10
1.2887999945930357e10
1.2783520331671585e10
1.2783520331671585e10
1.2679589076617313e10
1.2679589076617313e10
1.2576207217849888e10
1.2576207217849888e10
1.2473375735654556e10
1.2473375735654556e10
1.2371095555354025e10
1.2371095555354025e10
1.2269367546045464e10
1.2269367546045464e10
1.2168192521689587e10
1.2168192521689587e10
1.2067571241151505e10
1.2067571241151505e10
1.1967504408429527e10
1.1967504408429527e10
1.1867992673227545e10
1.1867992673227545e10
1.176903663099866e10
1.176903663099866e10
1.1670636823772373e10
1.1670636823772373e10
1.1572793740003056e10
1.1572793740003056e10
1.1475507815019768e10
1.1475507815019768e10
1.137877943150636e10
1.137877943150636e10
1.1282608920349045e10
1.1282608920349045e10
1.1186996559642254e10
1.1186996559642254e10
1.1091942576483639e10
1.1091942576483639e10
1.0997447146906284e10
1.0997447146906284e10
1.0950408930742125e10
1.0856751550119577e10
1.0856751550119577e10
1.0763652941562714e10
1.0763652941562714e10
1.067111310512372e10
1.067111310512372e10
1.0579131991451e10
1.0579131991451e10
1.0487709502508713e10
1.0487709502508713e10
1.0396845491799889e10
1.0396845491799889e10
1.0306539764811192e10
1.0306539764811192e10
1.0216792079266739e10
1.0216792079266739e10
1.0127602145916294e10
1.0127602145916294e10
1.0038969629234997e10
1.0038969629234997e10
9.950894147032501e9
9.950894147032501e9
9.863375271779238e9
9.863375271779238e9
9.776412530168629e9
9.776412530168629e9
9.690005404833652e9
9.690005404833652e9
9.604153333282633e9
9.604153333282633e9
9.518855709690151e9
9.518855709690151e9
9.434111884976587e9
9.434111884976587e9
9.349921167061003e9
9.349921167061003e9
9.266282821486263e9
9.266282821486263e9
9.183196071917946e9
9.183196071917946e9
9.100660100577301e9
9.100660100577301e9
9.018674049080633e9
9.018674049080633e9
8.937237018505318e9
8.937237018505318e9
8.856348070275486e9
8.856348070275486e9
8.77600622621496e9
8.77600622621496e9
8.696210469753641e9
8.696210469753641e9
8.61695974562819e9
8.61695974562819e9
8.538252960990371e9
8.538252960990371e9
8.460088985515362e9
8.460088985515362e9
8.382466652449098e9
8.382466652449098e9
8.305384758559557e9
8.305384758559557e9
8.228842064990452e9
8.228842064990452e9
8.152837297906204e9
8.152837297906204e9
8.07736914850294e9
8.07736914850294e9
8.002436274001927e9
8.002436274001927e9
7.928037298269625e9
7.928037298269625e9
7.854170811913467e9
7.854170811913467e9
7.780835372905624e9
7.780835372905624e9
7.708029507567814e9
7.708029507567814e9
7.635751710443424e9
7.635751710443424e9
7.564000445252644e9
7.564000445252644e9
7.492774145307724e9
7.492774145307724e9
7.42207121425438e9
7.42207121425438e9
7.351890026112945e9
7.351890026112945e9
7.282228926168844e9
7.282228926168844e9
7.213086231622957e9
7.213086231622957e9
7.144460231723189e9
7.144460231723189e9
7.076349188537332e9
7.076349188537332e9
7.008751337682949e9
7.008751337682949e9
6.941664888306123e9
6.941664888306123e9
6.87508802405532e9
6.87508802405532e9
6.809018903567136e9
6.809018903567136e9
6.743455660678844e9
6.743455660678844e9
6.6783964053133955e9
6.6783964053133955e9
6.613839223798471e9
6.613839223798471e9
6.549782179454362e9
6.549782179454362e9
6.486223313050583e9
6.486223313050583e9
6.423160643564858e9
6.423160643564858e9
6.360592168209838e9
6.360592168209838e9
6.2985158634154825e9
6.2985158634154825e9
6.2369296850896635e9
6.2369296850896635e9
6.17583156912259e9
6.17583156912259e9
6.115219432012682e9
6.115219432012682e9
6.055091171310964e9
6.055091171310964e9
5.995444666102071e9
5.995444666102071e9
5.936277777447039e9
5.936277777447039e9
5.877588349058946e9
5.877588349058946e9
5.819374207632435e9
5.819374207632435e9
5.761633163288237e9
5.761633163288237e9
5.704363010215104e9
5.704363010215104e9
5.647561527159733e9
5.647561527159733e9
5.591226477622419e9
5.591226477622419e9
5.535355610574396e9
5.535355610574396e9
5.47994666106299e9
5.47994666106299e9
5.424997350270732e9
5.424997350270732e9
5.370505386364673e9
5.370505386364673e9
5.316468464540568e9
5.316468464540568e9
5.262884268110205e9
5.262884268110205e9
5.209750468240237e9
5.209750468240237e9
5.157064724909372e9
5.157064724909372e9
5.104824687201202e9
5.104824687201202e9
5.053027993577904e9
5.053027993577904e9
5.001672272641451e9
5.001672272641451e9
4.950755143322629e9
4.950755143322629e9
4.900274215332275e9
4.900274215332275e9
4.85022708962551e9
4.85022708962551e9
4.800611358824524e9
4.800611358824524e9
4.751424607726076e9
4.751424607726076e9
4.70266441362788e9
4.70266441362788e9
4.65432834658947e9
4.65432834658947e9
4.6064139700637245e9
4.6064139700637245e9
4.558918841285852e9
4.558918841285852e9
4.511840511483731e9
4.511840511483731e9
4.465176526483867e9
4.465176526483867e9
4.418924426907931e9
4.418924426907931e9
4.373081748640729e9
4.373081748640729e9
4.32764602325878e9
4.32764602325878e9
4.2826147783216915e9
4.2826147783216915e9
4.237985537825548e9
4.237985537825548e9
4.1937558224050264e9
4.1937558224050264e9
4.149923149887748e9
4.149923149887748e9
4.106485035531203e9
4.106485035531203e9
4.063438992399524e9
4.063438992399524e9
4.0207825316768856e9
4.0207825316768856e9
3.978513163128725e9
3.978513163128725e9
3.93662839527846e9
3.93662839527846e9
3.895125735860726e9
3.895125735860726e9
3.8540026920339193e9
3.8540026920339193e9
3.8132567708223214e9
3.8132567708223214e9
3.7728854793246775e9
3.7728854793246775e9
3.73288632513828e9
3.73288632513828e9
3.6932568165966125e9
3.6932568165966125e9
3.6539944630759783e9
3.6539944630759783e9
3.6150967752707376e9
3.6150967752707376e9
3.5765612655643053e9
3.5765612655643053e9
3.5383854482173533e9
3.5383854482173533e9
3.5005668398118443e9
3.5005668398118443e9
3.463102959349357e9
3.463102959349357e9
3.4075668332920833e9
3.4075668332920833e9
3.4075668332920833e9
3.3709789372644525e9
3.3709789372644525e9
3.3347371093505187e9
3.3347371093505187e9
3.298838883158045e9
3.298838883158045e9
3.263281796249824e9
3.263281796249824e9
3.22806339040751e9
3.22806339040751e9
3.193181211827245e9
3.193181211827245e9
3.1586328114266634e9
3.1586328114266634e9
3.1244157450705914e9
3.1244157450705914e9
3.0905275737383204e9
3.0905275737383204e9
3.0569658638408017e9
3.0569658638408017e9
3.023728187403061e9
3.023728187403061e9
2.990812122248051e9
2.990812122248051e9
2.958215252232357e9
2.958215252232357e9
2.925935167556957e9
2.925935167556957e9
2.8939694647952423e9
2.8939694647952423e9
2.862315747208871e9
2.862315747208871e9
2.830971624927299e9
2.830971624927299e9
2.7999347151733685e9
2.7999347151733685e9
2.7692026423004174e9
2.7692026423004174e9
2.7387730381679897e9
2.7387730381679897e9
2.7086435422418346e9
2.7086435422418346e9
2.67881180177017e9
2.67881180177017e9
2.649275471902657e9
2.649275471902657e9
2.6200322159660583e9
2.6200322159660583e9
2.591079705539757e9
2.591079705539757e9
2.5624156206728477e9
2.5624156206728477e9
2.5340376499851084e9
2.5340376499851084e9
2.505943490842984e9
2.505943490842984e9
2.478130849524632e9
2.478130849524632e9
2.450597441381228e9
2.450597441381228e9
2.423340990923783e9
2.423340990923783e9
2.3963592319707866e9
2.3963592319707866e9
2.3696499077892613e9
2.3696499077892613e9
2.3432107712482214e9
2.3432107712482214e9
2.317039584905931e9
2.317039584905931e9
2.291134121133047e9
2.291134121133047e9
2.265492162283424e9
2.265492162283424e9
2.2401115007305865e9
2.2401115007305865e9
2.2149899390339036e9
2.2149899390339036e9
2.1901252900114727e9
2.1901252900114727e9
2.1655153768916836e9
2.1655153768916836e9
2.1411580333711019e9
2.1411580333711019e9
2.117051103703976e9
2.117051103703976e9
2.0931924428088396e9
2.0931924428088396e9
2.0695799163959062e9
2.0695799163959062e9
2.046211400984646e9
2.046211400984646e9
2.0230847840503635e9
2.0230847840503635e9
2.0001979640659626e9
2.0001979640659626e9
1.9775488506023207e9
1.9775488506023207e9
1.9551353643746557e9
1.9551353643746557e9
1.9329554373270943e9
1.9329554373270943e9
1.9110070127177265e9
1.9110070127177265e9
1.8892880451489608e9
1.8892880451489608e9
1.8677965006819751e9
1.8677965006819751e9
1.8465303568340843e9
1.8465303568340843e9
1.8254876026711981e9
1.8254876026711981e9
1.8046662388564126e9
1.8046662388564126e9
1.784064277691269e9
1.784064277691269e9
1.7636797432147949e9
1.7636797432147949e9
1.7435106711108167e9
1.7435106711108167e9
1.7235551089299734e9
1.7235551089299734e9
1.703811115989193e9
1.703811115989193e9
1.6842767635188646e9
1.6842767635188646e9
1.6649501345820737e9
1.6649501345820737e9
1.645829324199863e9
1.645829324199863e9
1.626912439332281e9
1.626912439332281e9
1.6081975989462826e9
1.6081975989462826e9
1.5896829339933066e9
1.5896829339933066e9
1.5713665874372585e9
1.5713665874372585e9
1.5532467143418975e9
1.5532467143418975e9
1.5353214818106315e9
1.5353214818106315e9
1.517589069011213e9
1.517589069011213e9
1.5000476672240481e9
1.5000476672240481e9
1.4826954798329568e9
1.4826954798329568e9
1.4655307223652315e9
1.4655307223652315e9
1.4485516224419844e9
1.4485516224419844e9
1.4317564198223364e9
1.4317564198223364e9
1.415143366412728e9
1.415143366412728e9
1.3987107262458928e9
1.3987107262458928e9
1.3824567754672308e9
1.3824567754672308e9
1.3663798023653471e9
1.3663798023653471e9
1.350478107375495e9
1.350478107375495e9
1.3347500030337546e9
1.3347500030337546e9
1.3191938140066721e9
1.3191938140066721e9
1.3038078770292695e9
1.3038078770292695e9
1.2885905409648542e9
1.2885905409648542e9
1.273540166719613e9
1.273540166719613e9
1.25865512730029e9
1.25865512730029e9
1.2439338077442718e9
1.2439338077442718e9
1.2293746051148767e9
1.2293746051148767e9
1.2149759284821584e9
1.2149759284821584e9
1.2007361989090853e9
1.2007361989090853e9
1.1866538494413252e9
1.1866538494413252e9
1.1727273250343814e9
1.1727273250343814e9
1.1589550825929043e9
1.1589550825929043e9
1.1453355908899696e9
1.1453355908899696e9
1.1318673305661125e9
1.1318673305661125e9
1.1185487941048872e9
1.1185487941048872e9
1.1053784858019533e9
1.1053784858019533e9
1.0923549216911051e9
1.0923549216911051e9
1.0794766295681007e9
1.0794766295681007e9
1.0667421489366266e9
1.0667421489366266e9
1.0541500309523007e9
1.0541500309523007e9
1.0416988384223218e9
1.0416988384223218e9
1.0293871457329687e9
1.0293871457329687e9
1.0172135388339542e9
1.0172135388339542e9
1.0051766151910579e9
1.0051766151910579e9
9.932749837547785e8
9.932749837547785e8
9.815072648959839e8
9.815072648959839e8
9.698720903859178e8
9.698720903859178e8
9.583681033478343e8
9.583681033478343e8
9.469939582021811e8
9.469939582021811e8
9.357483206335505e8
9.357483206335505e8
9.246298675467026e8
9.246298675467026e8
9.136372869957284e8
9.136372869957284e8
9.027692781693674e8
9.027692781693674e8
8.92024551327105e8
8.92024551327105e8
8.814018277339004e8
8.814018277339004e8
8.708998396439317e8
8.708998396439317e8
8.605173302237734e8
8.605173302237734e8
8.502530535137218e8
8.502530535137218e8
8.401057743717496e8
8.401057743717496e8
8.300742684137379e8
8.300742684137379e8
8.201573219803766e8
8.201573219803766e8
8.103537320599502e8
8.103537320599502e8
8.006623062545835e8
8.006623062545835e8
7.910818627153932e8
7.910818627153932e8
7.816112300770158e8
7.816112300770158e8
7.722492474321077e8
7.722492474321077e8
7.629947642376491e8
7.629947642376491e8
7.53846640287642e8
7.53846640287642e8
7.448037456412971e8
7.448037456412971e8
7.358649605664067e8
7.358649605664067e8
7.270291754913048e8
7.270291754913048e8
7.182952909391994e8
7.182952909391994e8
7.096622174593996e8
7.096622174593996e8
7.011288755961612e8
7.011288755961612e8
6.926941957992023e8
6.926941957992023e8
6.843571183792366e8
6.843571183792366e8
6.761165934524673e8
6.761165934524673e8
6.679715808634928e8
6.679715808634928e8
6.599210501418886e8
6.599210501418886e8
6.519639804308877e8
6.519639804308877e8
6.440993604405645e8
6.440993604405645e8
6.363261883681192e8
6.363261883681192e8
6.286434718484459e8
6.286434718484459e8
6.210502278890446e8
6.210502278890446e8
6.135454828086444e8
6.135454828086444e8
6.061282721819266e8
6.061282721819266e8
5.987976407650802e8
5.987976407650802e8
5.915526424382707e8
5.915526424382707e8
5.843923401552281e8
5.843923401552281e8
5.773158058673375e8
5.773158058673375e8
5.703221204672067e8
5.703221204672067e8
5.634103737189046e8
5.634103737189046e8
5.565796642111243e8
5.565796642111243e8
5.498290992841927e8
5.498290992841927e8
5.431577949658158e8
5.431577949658158e8
5.3656487591192126e8
5.3656487591192126e8
5.3004947534860104e8
5.3004947534860104e8
5.236107350050999e8
5.236107350050999e8
5.172478050430798e8
5.172478050430798e8
5.1095984402048504e8
5.1095984402048504e8
5.04746018797755e8
5.04746018797755e8
4.9860550449400514e8
4.9860550449400514e8
4.925374844231055e8
4.925374844231055e8
4.865411500272477e8
4.865411500272477e8
4.8061570081643546e8
4.8061570081643546e8
4.747603443104685e8
4.747603443104685e8
4.689742959716415e8
4.689742959716415e8
4.632567791441449e8
4.632567791441449e8
4.576070249950547e8
4.576070249950547e8
4.520242724523621e8
4.520242724523621e8
4.465077681410498e8
4.465077681410498e8
4.4105676632309544e8
4.4105676632309544e8
4.356705288381968e8
4.356705288381968e8
4.303483250425875e8
4.303483250425875e8
4.2508943174643666e8
4.2508943174643666e8
4.1989313315326166e8
4.1989313315326166e8
4.147587208054841e8
4.147587208054841e8
4.0968549351183695e8
4.0968549351183695e8
4.0467275730060905e8
4.0467275730060905e8
3.9971982534987473e8
3.9971982534987473e8
3.948260179388594e8
3.948260179388594e8
3.8999066237443477e8
3.8999066237443477e8
3.852130929459824e8
3.852130929459824e8
3.804926508552077e8
3.804926508552077e8
3.758286841663593e8
3.758286841663593e8
3.7122054773918164e8
3.7122054773918164e8
3.6666760317868644e8
3.6666760317868644e8
3.6216921877477473e8
3.6216921877477473e8
3.577247694406692e8
3.577247694406692e8
3.533336366587146e8
3.533336366587146e8
3.489952084236138e8
3.489952084236138e8
3.447088791821348e8
3.447088791821348e8
3.40474049784577e8
3.40474049784577e8
3.3629012741748816e8
3.3629012741748816e8
3.3215652554899955e8
3.3215652554899955e8
3.2807266388658863e8
3.2807266388658863e8
3.240379683048251e8
3.240379683048251e8
3.2005187079749715e8
3.2005187079749715e8
3.1611380942246455e8
3.1611380942246455e8
3.122232282493433e8
3.122232282493433e8
3.083795772946113e8
3.083795772946113e8
3.0458231248000634e8
3.0458231248000634e8
2.989722134682778e8
2.989722134682778e8
2.989722134682778e8
2.95288571890094e8
2.95288571890094e8
2.9164945786610943e8
2.9164945786610943e8
2.8805435320353043e8
2.8805435320353043e8
2.845027453142409e8
2.845027453142409e8
2.809941271689311e8
2.809941271689311e8
2.775279972510464e8
2.775279972510464e8
2.741038594896543e8
2.741038594896543e8
2.707212231982505e8
2.707212231982505e8
2.6737960306157768e8
2.6737960306157768e8
2.6407851907123056e8
2.6407851907123056e8
2.6081749644316915e8
2.6081749644316915e8
2.5759606560648113e8
2.5759606560648113e8
2.544137621523406e8
2.544137621523406e8
2.5127012673537055e8
2.5127012673537055e8
2.481647050893347e8
2.481647050893347e8
2.4509704793244395e8
2.4509704793244395e8
2.4206671093096012e8
2.4206671093096012e8
2.3907325474001312e8
2.3907325474001312e8
2.3611624479107997e8
2.3611624479107997e8
2.331952513500615e8
2.331952513500615e8
2.303098493572909e8
2.303098493572909e8
2.274596186495714e8
2.274596186495714e8
2.2464414363472345e8
2.2464414363472345e8
2.2186301335789415e8
2.2186301335789415e8
2.1911582129997277e8
2.1911582129997277e8
2.1640216581280878e8
2.1640216581280878e8
2.137216494983365e8
2.137216494983365e8
2.1107387932965797e8
2.1107387932965797e8
2.0845846694365215e8
2.0845846694365215e8
2.0587502807334426e8
2.0587502807334426e8
2.0332318288933873e8
2.0332318288933873e8
2.0080255596599233e8
2.0080255596599233e8
1.9831277572217232e8
1.9831277572217232e8
1.958534751549924e8
1.958534751549924e8
1.9342429125391334e8
1.9342429125391334e8
1.910248650067647e8
1.910248650067647e8
1.8865484169480547e8
1.8865484169480547e8
1.8631387038151008e8
1.8631387038151008e8
1.8400160425808266e8
1.8400160425808266e8
1.8171770019053528e8
1.8171770019053528e8
1.7946181941160834e8
1.7946181941160834e8
1.7723362640178275e8
1.7723362640178275e8
1.750327900441992e8
1.750327900441992e8
1.7285898288135308e8
1.7285898288135308e8
1.7071188075449213e8
1.7071188075449213e8
1.6859116380289692e8
1.6859116380289692e8
1.664965149411215e8
1.664965149411215e8
1.6442762185866606e8
1.6442762185866606e8
1.6238417529604733e8
1.6238417529604733e8
1.6036586898402518e8
1.6036586898402518e8
1.583724006770822e8
1.583724006770822e8
1.5640347235838532e8
1.5640347235838532e8
1.5445878817456356e8
1.5445878817456356e8
1.5253805596101245e8
1.5253805596101245e8
1.5064098830644637e8
1.5064098830644637e8
1.487672990248374e8
1.487672990248374e8
1.46916706082698e8
1.46916706082698e8
1.450889309671453e8
1.450889309671453e8
1.4328369707096973e8
1.4328369707096973e8
1.4150073361715743e8
1.4150073361715743e8
1.397397717245173e8
1.397397717245173e8
1.3800054547197604e8
1.3800054547197604e8
1.3628279061796805e8
1.3628279061796805e8
1.3458624662010485e8
1.3458624662010485e8
1.3291065844537821e8
1.3291065844537821e8
1.3125577269497585e8
1.3125577269497585e8
1.2962133689042808e8
1.2962133689042808e8
1.2800710111571601e8
1.2800710111571601e8
1.2641282452118413e8
1.2641282452118413e8
1.2483826402293365e8
1.2483826402293365e8
1.2328317724511993e8
1.2328317724511993e8
1.2174733387222336e8
1.2174733387222336e8
1.202304955703225e8
1.202304955703225e8
1.1873243116527149e8
1.1873243116527149e8
1.172529149219631e8
1.172529149219631e8
1.1579171131919432e8
1.1579171131919432e8
1.1434860583664693e8
1.1434860583664693e8
1.1292338096060017e8
1.1292338096060017e8
1.1151581955571629e8
1.1151581955571629e8
1.1012569986753456e8
1.1012569986753456e8
1.0875280497325845e8
1.0875280497325845e8
1.0739693342609118e8
1.0739693342609118e8
1.060578796566984e8
1.060578796566984e8
1.0473543193808147e8
1.0473543193808147e8
1.0342937545659168e8
1.0342937545659168e8
1.0213953259675224e8
1.0213953259675224e8
1.008657022625748e8
1.008657022625748e8
9.960766943431567e7
9.960766943431567e7
9.836527141202222e7
9.836527141202222e7
9.713829617628112e7
9.713829617628112e7
9.592655529650219e7
9.592655529650219e7
9.472988077262658e7
9.472988077262658e7
9.354803961223572e7
9.354803961223572e7
9.238088552353473e7
9.238088552353473e7
9.122824917380561e7
9.122824917380561e7
9.008994880730163e7
9.008994880730163e7
8.896579594156368e7
8.896579594156368e7
8.785560205913603e7
8.785560205913603e7
8.675922345433985e7
8.675922345433985e7
8.567649082544519e7
8.567649082544519e7
8.460723130697231e7
8.460723130697231e7
8.355122740493844e7
8.355122740493844e7
8.250839461744374e7
8.250839461744374e7
8.14785654716768e7
8.14785654716768e7
8.046149459088919e7
8.046149459088919e7
7.945714167834248e7
7.945714167834248e7
7.846526109579991e7
7.846526109579991e7
7.748571160848282e7
7.748571160848282e7
7.651842405351458e7
7.651842405351458e7
7.556312756375982e7
7.556312756375982e7
7.461973380924429e7
7.461973380924429e7
7.368811878640284e7
7.368811878640284e7
7.276806937022962e7
7.276806937022962e7
7.185952071489002e7
7.185952071489002e7
7.096228175355749e7
7.096228175355749e7
7.007628402726994e7
7.007628402726994e7
6.920124485960159e7
6.920124485960159e7
6.83371985069471e7
6.83371985069471e7
6.748385782568553e7
6.748385782568553e7
6.664116814281738e7
6.664116814281738e7
6.580898111717304e7
6.580898111717304e7
6.4987159554040976e7
6.4987159554040976e7
6.417570632225909e7
6.417570632225909e7
6.337422667398658e7
6.337422667398658e7
6.2582826311982416e7
6.2582826311982416e7
6.1801273719494805e7
6.1801273719494805e7
6.102951598951543e7
6.102951598951543e7
6.026735723339346e7
6.026735723339346e7
5.951464604572769e7
5.951464604572769e7
5.8771336947598994e7
5.8771336947598994e7
5.803737198116085e7
5.803737198116085e7
5.73125254456929e7
5.73125254456929e7
5.659681147635553e7
5.659681147635553e7
5.624230836242972e7
