9.522065555759054e-15
9.522065187090921e-15
9.522062639435959e-15
9.522055770392937e-15
9.522042462521834e-15
9.522020623038311e-15
9.52198818359443e-15
9.52194309999827e-15
9.521883352017501e-15
9.521806943123816e-15
9.521711900260846e-15
9.521596273611473e-15
9.521458136386277e-15
9.521295584570468e-15
9.521106736655635e-15
9.520889733553958e-15
9.520642738161185e-15
9.520363935325711e-15
9.520051531463172e-15
9.519703754454595e-15
9.519318853342593e-15
9.518895098118346e-15
9.518430779508033e-15
9.517924208821582e-15
9.517373717602358e-15
9.516777657522541e-15
9.51613440007428e-15
9.515442336351662e-15
9.514699876915625e-15
9.513905451623636e-15
9.513057509242593e-15
9.512154517367753e-15
9.511194962070043e-15
9.510177347995493e-15
9.509100197782286e-15
9.507962052102088e-15
9.506761469430778e-15
9.505497025593638e-15
9.504167314053909e-15
9.502770945143197e-15
9.501306546463065e-15
9.49977276224795e-15
9.498168253229932e-15
9.496491696563382e-15
9.49474178562185e-15
9.492917229912439e-15
9.491016754612404e-15
9.489039100608748e-15
9.48698302421385e-15
9.484847297016332e-15
9.482630705747371e-15
