0.00020672696921385702
0.004769978459593425
0.006280690187246949
0.0071637197067523336
0.0077041169610875156
0.008022487700320114
0.008185491708872858
0.0082352668056612
0.008200665198700484
0.008102492094254
0.007956289077967563
0.007773957504334986
0.007564774037501712
0.00733606151206122
0.007093651754302946
0.006842216303113562
0.006585509656794186
0.006326552505506376
0.006067772539528853
0.005811114478232144
0.0055581272685048715
0.005310034014978299
0.005067788628616952
0.00483212210731903
0.004603580618218437
0.004382557022827599
0.004169317106619335
0.003964021492727246
0.0037667440119607677
0.0035774871446226154
0.0033961950276296393
0.0032227644260510355
0.0030570539967420727
0.002898892111759978
0.0027480834666023224
0.0026044146549585863
0.0024676588679096775
0.002337579846728363
0.0022139351982268397
0.0020964791679491776
0.0019849649477194182
0.001879146588196094
0.0017787805703805175
0.001683627088164496
0.0015934510828114078
0.001508023066289561
0.001427119764176138
0.001350524605954884
0.0012780280841463813
0.0012094280043145355
0.001144529641374375
