0
7.324218783118866e-15
7.324335901476802e-15
7.3247017837693e-15
7.325278334821633e-15
7.326028133044554e-15
7.32711424205397e-15
7.328378202380155e-15
7.329781212961231e-15
7.33160924892146e-15
7.333458034954153e-15
7.335791998575278e-15
7.338094340065147e-15
7.340942763989958e-15
7.343706051194315e-15
7.347077032239099e-15
7.350308270586338e-15
7.354209475909487e-15
7.357915291686767e-15
7.362353964781483e-15
7.366540610615216e-15
7.371523578234758e-15
7.37619693943445e-15
7.381730618582207e-15
7.386896219496521e-15
7.392640490657684e-15
7.399011391038864e-15
7.404924936718978e-15
7.41146763086108e-15
7.41868796242508e-15
7.425359921579264e-15
7.432711769210786e-15
7.440792457783115e-15
7.44823216986902e-15
7.456891884410554e-15
7.464848079755957e-15
7.474090765539914e-15
7.48256679496801e-15
7.492396048255468e-15
7.501394956024678e-15
7.511814032379816e-15
7.521338563796838e-15
7.532350386615058e-15
7.542402995383572e-15
7.55401016431141e-15
7.56459302004523e-15
7.57679781924787e-15
7.587912814939804e-15
7.600717221489256e-15
7.612365980703494e-15
7.625771672661879e-15
7.637955556808935e-15
7.651963921363985e-15
7.664684036921943e-15
7.679296178461474e-15
7.692553384010507e-15
7.707770131995692e-15
7.72156504526582e-15
7.737386962064357e-15
7.752624189316117e-15
7.767226312492555e-15
7.78395647184794e-15
7.799096838538702e-15
7.816432455032245e-15
7.832110894108377e-15
7.850051656084957e-15
7.866267786294553e-15
7.884813149502745e-15
7.901566386171104e-15
7.920715581193692e-15
7.93800514279942e-15
7.957757182603085e-15
7.975582097494126e-15
7.995935784784143e-15
8.014294897683816e-15
8.024732193337644e-15
