0.0
2.473495541342276e7
2.473495541342276e7
2.473495541342276e7
2.473495541342276e7
2.473495541342276e7
2.473495541342276e7
2.473495541342276e7
2.461564098033891e7
2.461564098033891e7
2.4496630661169637e7
2.4496630661169637e7
2.4377925335660648e7
2.4377925335660648e7
2.4259525875838988e7
2.4259525875838988e7
2.4141433146291398e7
2.4141433146291398e7
2.402364800374467e7
2.402364800374467e7
2.3906171297021184e7
2.3906171297021184e7
2.378900386748481e7
2.378900386748481e7
2.3672146548028342e7
2.3672146548028342e7
2.355560016403616e7
2.355560016403616e7
2.343936553264743e7
2.343936553264743e7
2.33234434627898e7
2.33234434627898e7
2.3207834755409244e7
2.3207834755409244e7
2.309254020333409e7
2.309254020333409e7
2.297756059094506e7
2.297756059094506e7
2.2920189129874714e7
2.2805683379078202e7
2.2805683379078202e7
2.269149449263989e7
2.269149449263989e7
2.2577623225028273e7
2.2577623225028273e7
2.2464070322735764e7
2.2464070322735764e7
2.2350836523613874e7
2.2350836523613874e7
2.2237922557542346e7
2.2237922557542346e7
2.212532914431874e7
2.212532914431874e7
2.2013056996172097e7
2.2013056996172097e7
2.1901106815265946e7
2.1901106815265946e7
2.17894792969733e7
2.17894792969733e7
2.1678175125898294e7
2.1678175125898294e7
2.1567194978777986e7
2.1567194978777986e7
2.1456539522448435e7
2.1456539522448435e7
2.1346209415738165e7
2.1346209415738165e7
2.1236205307811342e7
2.1236205307811342e7
2.112652783891192e7
2.112652783891192e7
2.1017177639622316e7
2.1017177639622316e7
2.0908155331820674e7
2.0908155331820674e7
2.0799461528008677e7
2.0799461528008677e7
2.069109683137508e7
2.069109683137508e7
2.0583061835570365e7
2.0583061835570365e7
2.0475357125590287e7
2.0475357125590287e7
2.036798327587006e7
2.036798327587006e7
2.0260940852194775e7
2.0260940852194775e7
2.0154230410561234e7
2.0154230410561234e7
2.0047852497959398e7
2.0047852497959398e7
1.9941807650942482e7
1.9941807650942482e7
1.9836096397056922e7
1.9836096397056922e7
1.973071925369352e7
1.973071925369352e7
1.9678156132862136e7
1.9573281105084192e7
1.9573281105084192e7
1.946874144013862e7
1.946874144013862e7
1.936453762154836e7
1.936453762154836e7
1.9260670123250294e7
1.9260670123250294e7
1.9157139409394447e7
1.9157139409394447e7
1.9053945933685143e7
1.9053945933685143e7
1.895109014160932e7
1.895109014160932e7
1.8848572466666598e7
1.8848572466666598e7
1.87463933341719e7
1.87463933341719e7
1.8644553158098437e7
1.8644553158098437e7
1.8543052343639113e7
1.8543052343639113e7
1.8441891285216637e7
1.8441891285216637e7
1.8341070367466204e7
1.8341070367466204e7
1.8240589964735255e7
1.8240589964735255e7
1.8140450442168385e7
1.8140450442168385e7
1.804065215399705e7
1.804065215399705e7
1.7941195443580296e7
1.7941195443580296e7
1.784208064577001e7
1.784208064577001e7
1.774330808454504e7
1.774330808454504e7
1.7644878074646045e7
1.7644878074646045e7
1.7546790918812033e7
1.7546790918812033e7
1.7449046911300868e7
1.7449046911300868e7
1.7351646335058343e7
1.7351646335058343e7
1.7254589463455148e7
1.7254589463455148e7
1.715787655876269e7
1.715787655876269e7
1.7061507875293136e7
1.7061507875293136e7
1.6965483654306706e7
1.6965483654306706e7
1.6869804127873383e7
1.6869804127873383e7
1.6774469518893702e7
1.6774469518893702e7
1.667948003779996e7
1.667948003779996e7
1.6584835887203509e7
1.6584835887203509e7
1.6490537257884666e7
1.6490537257884666e7
1.6396584330902442e7
1.6396584330902442e7
1.6302977276751526e7
1.6302977276751526e7
1.6209716255932897e7
1.6209716255932897e7
1.6116801418259565e7
1.6116801418259565e7
1.602423290379566e7
1.602423290379566e7
1.5932010841947336e7
1.5932010841947336e7
1.5840135352423908e7
1.5840135352423908e7
1.5748606543310931e7
1.5748606543310931e7
1.5657424513992151e7
1.5657424513992151e7
1.556658935285642e7
1.556658935285642e7
1.5476101137819078e7
1.5476101137819078e7
1.538595993702271e7
1.538595993702271e7
1.5296165808202494e7
1.5296165808202494e7
1.5206718798938563e7
1.5206718798938563e7
1.5117618946227372e7
1.5117618946227372e7
1.5028866276705243e7
1.5028866276705243e7
1.4940460807880474e7
1.4940460807880474e7
1.4852402545956925e7
1.4852402545956925e7
1.476469148789984e7
1.476469148789984e7
1.4677327619045384e7
1.4677327619045384e7
1.4590310916091243e7
1.4590310916091243e7
1.4503641344595049e7
1.4503641344595049e7
1.4417318861308564e7
1.4417318861308564e7
1.4331343411116559e7
1.4331343411116559e7
1.4245714930284059e7
1.4245714930284059e7
1.4160433344149083e7
1.4160433344149083e7
1.4075498568255251e7
1.4075498568255251e7
1.3990910508105863e7
1.3990910508105863e7
1.3906669059570732e7
1.3906669059570732e7
1.382277410773287e7
1.382277410773287e7
1.3739225528683685e7
1.3739225528683685e7
1.3656023188200591e7
1.3656023188200591e7
1.3573166941530244e7
1.3573166941530244e7
1.349065663517771e7
1.349065663517771e7
1.340849210418168e7
1.340849210418168e7
1.3326673175736139e7
1.3326673175736139e7
1.3245199665491726e7
1.3245199665491726e7
1.3164071380679308e7
1.3164071380679308e7
1.3083288118032625e7
1.3083288118032625e7
1.3002849664729057e7
1.3002849664729057e7
1.292275579857261e7
1.292275579857261e7
1.2843006287256464e7
1.2843006287256464e7
1.2763600889052419e7
1.2763600889052419e7
1.2684539352598345e7
1.2684539352598345e7
1.26058214173241e7
1.26058214173241e7
1.2527446812692726e7
1.2527446812692726e7
1.2449415258997349e7
1.2449415258997349e7
1.2371726467255164e7
1.2371726467255164e7
1.2294380138261022e7
1.2294380138261022e7
1.221737596463303e7
1.221737596463303e7
1.2140713629046107e7
1.2140713629046107e7
1.2064392805044072e7
1.2064392805044072e7
1.198841315668229e7
1.198841315668229e7
1.1912774338953244e7
1.1912774338953244e7
1.1837475997844394e7
1.1837475997844394e7
1.1762517770088019e7
1.1762517770088019e7
1.1687899283392023e7
1.1687899283392023e7
1.1613620156696016e7
1.1613620156696016e7
1.1539679999698302e7
1.1539679999698302e7
1.146607841320882e7
1.146607841320882e7
1.139281498895549e7
1.139281498895549e7
1.1319889310289245e7
1.1319889310289245e7
1.124730095170164e7
1.124730095170164e7
1.1175049478374971e7
1.1175049478374971e7
1.1103134447300687e7
1.1103134447300687e7
1.1031555407512942e7
1.1031555407512942e7
1.0960311897479927e7
1.0960311897479927e7
1.0889403449235743e7
1.0889403449235743e7
1.0818829585421905e7
1.0818829585421905e7
1.0748589819854507e7
1.0748589819854507e7
1.0678683658788707e7
1.0678683658788707e7
1.060911059953367e7
1.060911059953367e7
1.0539870131545976e7
1.0539870131545976e7
1.0470961735775763e7
1.0470961735775763e7
1.0402384885404898e7
1.0402384885404898e7
1.0334139044753116e7
1.0334139044753116e7
1.0266223670980023e7
1.0266223670980023e7
1.0198638212794235e7
1.0198638212794235e7
1.0131382110760491e7
1.0131382110760491e7
1.0064454798028875e7
1.0064454798028875e7
9.997855699360766e6
9.997855699360766e6
9.931584232680393e6
9.931584232680393e6
9.865639807084728e6
9.865639807084728e6
9.800021825011821e6
9.800021825011821e6
9.734729680385668e6
9.734729680385668e6
9.669762760509975e6
9.669762760509975e6
9.60512044442933e6
9.60512044442933e6
9.540802104666065e6
9.540802104666065e6
9.476807105582265e6
9.476807105582265e6
9.413134804620327e6
9.413134804620327e6
9.349784551923815e6
9.349784551923815e6
9.2867556907866e6
9.2867556907866e6
9.224047556907952e6
9.224047556907952e6
9.16165947936391e6
9.16165947936391e6
9.09959077997176e6
9.09959077997176e6
9.03784077339806e6
9.03784077339806e6
8.976408768550161e6
8.976408768550161e6
8.915294066363113e6
8.915294066363113e6
8.854495961666297e6
8.854495961666297e6
8.794013742665512e6
8.794013742665512e6
8.733846690775678e6
8.733846690775678e6
8.673994081119338e6
8.673994081119338e6
8.61445518201476e6
8.61445518201476e6
8.555229256012699e6
8.555229256012699e6
8.49631555852472e6
8.49631555852472e6
8.437713339504454e6
8.437713339504454e6
8.379421842302039e6
8.379421842302039e6
8.321440304317018e6
8.321440304317018e6
8.263767956958655e6
8.263767956958655e6
8.206404025232533e6
8.206404025232533e6
8.149347728875523e6
8.149347728875523e6
8.092598281365601e6
8.092598281365601e6
8.036154890532015e6
8.036154890532015e6
7.980016758338382e6
7.980016758338382e6
7.9241830814950755e6
7.9241830814950755e6
7.84100164881722e6
7.84100164881722e6
7.84100164881722e6
7.785925558884497e6
7.785925558884497e6
7.731151068617858e6
7.731151068617858e6
7.676677350241209e6
7.676677350241209e6
7.622503570489385e6
7.622503570489385e6
7.568628890787594e6
7.568628890787594e6
7.515052467765485e6
7.515052467765485e6
7.46177345313492e6
7.46177345313492e6
7.408790993115791e6
7.408790993115791e6
7.356104229404381e6
7.356104229404381e6
7.303712298736754e6
7.303712298736754e6
7.251614333110629e6
7.251614333110629e6
7.199809459895045e6
7.199809459895045e6
7.148296801807974e6
7.148296801807974e6
7.097075476964309e6
7.097075476964309e6
7.046144598886089e6
7.046144598886089e6
6.995503277093336e6
6.995503277093336e6
6.9451506165851895e6
6.9451506165851895e6
6.895085718053592e6
6.895085718053592e6
6.845307677886292e6
6.845307677886292e6
6.795815588597112e6
6.795815588597112e6
6.746608538343608e6
6.746608538343608e6
6.6976856114889635e6
6.6976856114889635e6
6.649045888432057e6
6.649045888432057e6
6.600688445784431e6
6.600688445784431e6
6.552612356410985e6
6.552612356410985e6
6.504816689389364e6
6.504816689389364e6
6.457300510295586e6
6.457300510295586e6
6.410062880961836e6
6.410062880961836e6
6.386548228482055e6
6.3397266573372735e6
6.3397266573372735e6
6.293181275679525e6
6.293181275679525e6
6.246911133428238e6
6.246911133428238e6
6.20091527739043e6
6.20091527739043e6
6.155192751169653e6
6.155192751169653e6
6.109742595314895e6
6.109742595314895e6
6.064563847000501e6
6.064563847000501e6
6.019655540856549e6
6.019655540856549e6
5.975016708374953e6
5.975016708374953e6
5.930646378358032e6
5.930646378358032e6
5.886543576723114e6
5.886543576723114e6
5.842707326624099e6
5.842707326624099e6
5.799136648841532e6
5.799136648841532e6
5.75583056134678e6
5.75583056134678e6
5.712788079619074e6
5.712788079619074e6
5.670008217062485e6
5.670008217062485e6
5.627489984036114e6
5.627489984036114e6
5.585232389445877e6
5.585232389445877e6
5.543234439273069e6
5.543234439273069e6
5.501495137636853e6
5.501495137636853e6
5.46001348677338e6
5.46001348677338e6
5.418788486580701e6
5.418788486580701e6
5.377819135011352e6
5.377819135011352e6
5.33710442806187e6
5.33710442806187e6
5.296643360296024e6
5.296643360296024e6
5.256434924072097e6
5.256434924072097e6
5.216478110134689e6
5.216478110134689e6
5.1767719078564765e6
5.1767719078564765e6
5.137315304854162e6
5.137315304854162e6
5.117680286292482e6
5.078596180551347e6
5.078596180551347e6
5.039759136570589e6
5.039759136570589e6
5.001168136920439e6
5.001168136920439e6
4.962822163183923e6
4.962822163183923e6
4.924720195252492e6
4.924720195252492e6
4.886861212120033e6
4.886861212120033e6
4.849244191632876e6
4.849244191632876e6
4.8118681105420245e6
4.8118681105420245e6
4.774731944832191e6
4.774731944832191e6
4.73783466931853e6
4.73783466931853e6
4.701175257958219e6
4.701175257958219e6
4.664752684160811e6
4.664752684160811e6
4.6285659204562e6
4.6285659204562e6
4.592613938759149e6
4.592613938759149e6
4.556895710024123e6
4.556895710024123e6
4.5214102050303435e6
4.5214102050303435e6
4.486156394072284e6
4.486156394072284e6
4.451133246878276e6
4.451133246878276e6
4.416339732689709e6
4.416339732689709e6
4.381774820562651e6
4.381774820562651e6
4.34743747921842e6
4.34743747921842e6
4.313326677330954e6
4.313326677330954e6
4.27944138320283e6
4.27944138320283e6
4.245780565138449e6
4.245780565138449e6
4.212343191262737e6
4.212343191262737e6
4.179128229897705e6
4.179128229897705e6
4.1461346494240635e6
4.1461346494240635e6
4.113361418211295e6
4.113361418211295e6
4.080807504861502e6
4.080807504861502e6
4.0484718781514955e6
4.0484718781514955e6
4.016353507190021e6
4.016353507190021e6
3.9844513615811537e6
3.9844513615811537e6
3.952764410974551e6
3.952764410974551e6
3.9212916255812813e6
3.9212916255812813e6
3.890031976282156e6
3.890031976282156e6
3.8589844341719025e6
3.8589844341719025e6
3.828147971161784e6
3.828147971161784e6
3.7975215598482094e6
3.7975215598482094e6
3.7671041733242474e6
3.7671041733242474e6
3.736894785542656e6
3.736894785542656e6
3.7068923712431537e6
3.7068923712431537e6
3.6770959057477284e6
3.6770959057477284e6
3.647504365692135e6
3.647504365692135e6
3.618116728339794e6
3.618116728339794e6
3.5889319720120225e6
3.5889319720120225e6
3.559949076052395e6
3.559949076052395e6
3.531167020818422e6
3.531167020818422e6
3.5025847879153076e6
3.5025847879153076e6
3.474201359926432e6
3.474201359926432e6
3.4460157207046286e6
3.4460157207046286e6
3.4180268554053046e6
3.4180268554053046e6
3.3902337504790975e6
3.3902337504790975e6
3.3626353936282424e6
3.3626353936282424e6
3.3352307741167727e6
3.3352307741167727e6
3.30801888235669e6
3.30801888235669e6
3.2809987103515016e6
3.2809987103515016e6
3.2541692516092807e6
3.2541692516092807e6
3.2275295011963896e6
3.2275295011963896e6
3.2010784557095137e6
3.2010784557095137e6
3.17481511342289e6
3.17481511342289e6
3.1487384742950504e6
3.1487384742950504e6
3.1228475400052634e6
3.1228475400052634e6
3.0971413138068556e6
3.0971413138068556e6
3.071618800898891e6
3.071618800898891e6
3.046279008258414e6
3.046279008258414e6
3.021120944660247e6
3.021120944660247e6
2.9961436208698833e6
2.9961436208698833e6
2.9713460495092245e6
2.9713460495092245e6
2.9467272452171654e6
2.9467272452171654e6
2.922286224559535e6
2.922286224559535e6
2.8980220062409537e6
2.8980220062409537e6
2.8739336109587103e6
2.8739336109587103e6
2.8500200615497385e6
2.8500200615497385e6
2.8262803829909884e6
2.8262803829909884e6
2.8027136023438154e6
2.8027136023438154e6
2.779318748987222e6
2.779318748987222e6
2.756094854599855e6
2.756094854599855e6
2.733040952889092e6
2.733040952889092e6
2.7101560800546966e6
2.7101560800546966e6
2.6874392746185297e6
2.6874392746185297e6
2.6648895773729617e6
2.6648895773729617e6
2.642506031606135e6
2.642506031606135e6
2.620287682937622e6
2.620287682937622e6
2.598233579449001e6
2.598233579449001e6
2.5763427717823177e6
2.5763427717823177e6
2.554614313037306e6
2.554614313037306e6
2.533047258864663e6
2.533047258864663e6
2.511640667420648e6
2.511640667420648e6
2.4903935995743684e6
2.4903935995743684e6
2.4693051186949704e6
2.4693051186949704e6
2.448374290838948e6
2.448374290838948e6
2.427600184704819e6
2.427600184704819e6
2.4069818717330955e6
2.4069818717330955e6
2.386518426075018e6
2.386518426075018e6
2.3662089245809903e6
2.3662089245809903e6
2.3460524469401594e6
2.3460524469401594e6
2.3260480756031103e6
2.3260480756031103e6
2.30619489578787e6
2.30619489578787e6
2.2864919956745063e6
2.2864919956745063e6
2.266938466130023e6
2.266938466130023e6
2.2475334010754456e6
2.2475334010754456e6
2.228275897209808e6
2.228275897209808e6
2.209165054213667e6
2.209165054213667e6
2.1901999747020453e6
2.1901999747020453e6
2.171379764241099e6
2.171379764241099e6
2.1527035314077865e6
2.1527035314077865e6
2.134170387766046e6
2.134170387766046e6
2.11577944792604e6
2.11577944792604e6
2.09752982951884e6
2.09752982951884e6
2.0794206532300431e6
2.0794206532300431e6
2.0614510428049606e6
2.0614510428049606e6
2.0436201251484577e6
2.0436201251484577e6
2.025927030247411e6
2.025927030247411e6
2.0083708911497134e6
2.0083708911497134e6
1.9909508441710908e6
1.9909508441710908e6
1.9736660286991762e6
1.9736660286991762e6
1.9565155873545152e6
1.9565155873545152e6
1.9394986659030241e6
1.9394986659030241e6
1.9226144132971512e6
1.9226144132971512e6
1.9058619817939608e6
1.9058619817939608e6
1.889240526807061e6
1.889240526807061e6
1.8727492070128915e6
1.8727492070128915e6
1.8563871843812636e6
1.8563871843812636e6
1.8401536241328574e6
1.8401536241328574e6
1.8240476947717231e6
1.8240476947717231e6
1.808068568085221e6
1.808068568085221e6
1.7922154192208888e6
1.7922154192208888e6
1.7764874266131725e6
1.7764874266131725e6
1.7608837720093743e6
1.7608837720093743e6
1.745403640499717e6
1.745403640499717e6
1.7300462205844207e6
1.7300462205844207e6
1.7148107040371872e6
1.7148107040371872e6
1.6996962861189572e6
1.6996962861189572e6
1.6847021653616189e6
1.6847021653616189e6
1.669827543736126e6
1.669827543736126e6
1.655071626626956e6
1.655071626626956e6
1.6404336227420846e6
1.6404336227420846e6
1.625912744311274e6
1.625912744311274e6
1.6115082069600276e6
1.6115082069600276e6
1.5972192296991516e6
1.5972192296991516e6
1.5830450350137488e6
1.5830450350137488e6
1.568984848773157e6
1.568984848773157e6
1.5550379003752046e6
1.5550379003752046e6
1.541203422645846e6
1.541203422645846e6
1.5274806518176247e6
1.5274806518176247e6
1.5138688276495773e6
1.5138688276495773e6
1.500367193382223e6
1.500367193382223e6
1.4869749956526656e6
1.4869749956526656e6
1.4736914846571821e6
1.4736914846571821e6
1.4605159140209819e6
1.4605159140209819e6
1.44744754091341e6
1.44744754091341e6
1.4344856259294448e6
1.4344856259294448e6
1.4216294332083717e6
1.4216294332083717e6
1.4088782303430273e6
1.4088782303430273e6
1.3962312884892926e6
1.3962312884892926e6
1.383687882210293e6
1.383687882210293e6
1.371247289659382e6
1.371247289659382e6
1.3589087924694389e6
1.3589087924694389e6
1.346671675735302e6
1.346671675735302e6
1.334535228132911e6
1.334535228132911e6
1.32249874180066e6
1.32249874180066e6
1.3105615123722209e6
1.3105615123722209e6
1.2987228390702745e6
1.2987228390702745e6
1.2869820245388725e6
1.2869820245388725e6
1.2753383749646565e6
1.2753383749646565e6
1.2637912000764087e6
1.2637912000764087e6
1.2523398130625854e6
1.2523398130625854e6
1.240983530648177e6
1.240983530648177e6
1.229721673055317e6
1.229721673055317e6
1.218553564015589e6
1.218553564015589e6
1.2074785307604352e6
1.2074785307604352e6
1.1964959040267554e6
1.1964959040267554e6
1.18560501805452e6
1.18560501805452e6
1.1748052106013955e6
1.1748052106013955e6
1.1640958228867403e6
1.1640958228867403e6
1.1534761996442599e6
1.1534761996442599e6
1.142945689087659e6
1.142945689087659e6
1.1325036429303512e6
1.1325036429303512e6
1.1221494163389443e6
1.1221494163389443e6
1.1118823679917064e6
1.1118823679917064e6
1.1017018600554285e6
1.1017018600554285e6
1.0916072581270433e6
1.0916072581270433e6
1.0815979313117093e6
1.0815979313117093e6
1.071673252152296e6
1.071673252152296e6
1.061832596668735e6
1.061832596668735e6
1.052075344316016e6
1.052075344316016e6
1.0424008780095584e6
1.0424008780095584e6
1.032808584124195e6
1.032808584124195e6
1.0232978524471875e6
1.0232978524471875e6
1.0138680762294946e6
1.0138680762294946e6
1.0045186521111934e6
1.0045186521111934e6
995248.9801899493
995248.9801899493
986058.4639591037
986058.4639591037
976946.5103294351
976946.5103294351
967912.5296199578
967912.5296199578
958955.9355312773
958955.9355312773
950076.1451666236
950076.1451666236
941272.5790146367
941272.5790146367
932544.6609399016
932544.6609399016
923891.8181612317
923891.8181612317
915313.4812651009
915313.4812651009
906809.0841884873
906809.0841884873
898378.0642461553
898378.0642461553
890019.862040004
890019.862040004
881733.9215323766
881733.9215323766
873519.6900172322
873519.6900172322
865376.6180822676
865376.6180822676
857304.159620995
857304.159620995
849301.7718536174
849301.7718536174
841368.9152321393
841368.9152321393
833505.0535524873
833505.0535524873
825709.6538314493
825709.6538314493
817982.1863724862
817982.1863724862
810322.1247299017
810322.1247299017
802728.9456887615
802728.9456887615
795202.1292688444
795202.1292688444
787741.1587216164
787741.1587216164
780345.520538367
780345.520538367
773014.704358546
773014.704358546
765748.2030609064
765748.2030609064
758545.5126825464
758545.5126825464
751406.1324603186
751406.1324603186
744329.5647771439
744329.5647771439
737315.3151719158
737315.3151719158
730362.892328172
730362.892328172
723471.80808372
723471.80808372
716641.577369643
716641.577369643
709871.7182403541
709871.7182403541
703161.7518483337
703161.7518483337
696511.2024510542
696511.2024510542
689919.5973670038
689919.5973670038
683386.4669898867
683386.4669898867
676911.3447803017
676911.3447803017
670493.7672230662
670493.7672230662
664133.2738646354
664133.2738646354
660974.2906855653
654698.5668544403
654698.5668544403
648478.7892462774
648478.7892462774
642314.5079405905
642314.5079405905
636205.2759862036
636205.2759862036
630150.649404085
630150.649404085
624150.1871782321
624150.1871782321
618203.4512398541
618203.4512398541
612310.0064397954
612310.0064397954
606469.4205901984
606469.4205901984
600681.2643892743
600681.2643892743
594945.1114396252
594945.1114396252
589260.5382413575
589260.5382413575
583627.1241609383
583627.1241609383
578044.4514374367
578044.4514374367
572512.1051491525
572512.1051491525
567029.6732238687
567029.6732238687
561596.74642785
561596.74642785
556212.9183244343
556212.9183244343
550877.7852852596
550877.7852852596
545590.9464802654
545590.9464802654
540352.00384488
540352.00384488
535160.5620852193
535160.5620852193
530016.2286662033
530016.2286662033
524918.6137826215
524918.6137826215
519867.33037331403
519867.33037331403
514861.99407598475
514861.99407598475
509902.2232373228
509902.2232373228
504987.6389005301
504987.6389005301
500117.8647766008
500117.8647766008
495292.52724096965
495292.52724096965
490511.25532165804
490511.25532165804
485773.68069677963
485773.68069677963
481079.4376513348
481079.4376513348
476428.1631018152
476428.1631018152
471819.496554609
471819.496554609
467253.0801078971
467253.0801078971
462728.55843482976
462728.55843482976
458245.57876636356
458245.57876636356
453803.79088495317
453803.79088495317
449402.847110682
449402.847110682
445042.40228561155
445042.40228561155
440722.11376732157
440722.11376732157
436441.6413983582
436441.6413983582
432200.6475204692
432200.6475204692
427998.7969352899
427998.7969352899
423835.7569113119
423835.7569113119
419711.1971545667
419711.1971545667
415624.78981453594
415624.78981453594
411576.2094530618
411576.2094530618
407565.13304254954
407565.13304254954
403591.2399398522
403591.2399398522
399654.2118967346
399654.2118967346
395753.73302170704
395753.73302170704
391889.48979237094
391889.48979237094
388061.1710131539
388061.1710131539
384268.46782551974
384268.46782551974
380511.0736849325
380511.0736849325
376788.6843540215
376788.6843540215
373100.99788864376
373100.99788864376
369447.71461565956
369447.71461565956
365828.5371312084
365828.5371312084
362243.17027845164
362243.17027845164
358691.3211452668
358691.3211452668
355172.6990455192
355172.6990455192
351687.01550196845
351687.01550196845
348233.9842462985
348233.9842462985
344813.32119526586
344813.32119526586
341424.7444395476
341424.7444395476
338067.9742369168
338067.9742369168
334742.7329824768
334742.7329824768
331448.7452276019
331448.7452276019
328185.73763444816
328185.73763444816
324953.43898599
324953.43898599
321751.5801578482
321751.5801578482
318579.8941218361
318579.8941218361
315438.11591430975
315438.11591430975
312325.98264289537
312325.98264289537
309243.23345388693
309243.23345388693
306189.609537759
306189.609537759
303164.8541073943
303164.8541073943
300168.7123939927
300168.7123939927
297200.9316186371
297200.9316186371
294261.2609954092
294261.2609954092
291349.45171299484
291349.45171299484
288465.25692277984
288465.25692277984
285608.4317272041
285608.4317272041
282778.7331662144
282778.7331662144
279975.9202030072
279975.9202030072
277199.7537218257
277199.7537218257
274449.99650375295
274449.99650375295
271726.41321877827
271726.41321877827
269028.77041799313
269028.77041799313
266356.836517911
266356.836517911
263710.38178568194
263710.38178568194
261089.1783330117
261089.1783330117
258493.00010141524
258493.00010141524
255921.62284944893
255921.62284944893
253374.82414312454
253374.82414312454
250852.38334032314
250852.38334032314
248354.08158440777
248354.08158440777
245879.70178692113
245879.70178692113
243429.02862053536
243429.02862053536
241001.84850421274
241001.84850421274
238597.94959647645
238597.94959647645
236217.1217769937
236217.1217769937
233859.15663671057
233859.15663671057
231523.8474750124
231523.8474750124
229210.989274629
229210.989274629
226920.37869660466
226920.37869660466
224651.81407393183
224651.81407393183
222405.09539465365
222405.09539465365
220180.02429176218
220180.02429176218
217976.40402770834
217976.40402770834
215794.0394931301
215794.0394931301
213632.73718674853
213632.73718674853
211492.30520913654
211492.30520913654
209372.55324960971
209372.55324960971
207273.29257533167
207273.29257533167
205194.33602017228
205194.33602017228
203135.49797590243
203135.49797590243
201096.59437888954
201096.59437888954
199077.44270099915
199077.44270099915
197077.8619380955
197077.8619380955
195097.67260074368
195097.67260074368
193136.69669883643
193136.69669883643
191194.7577342896
191194.7577342896
189271.68069626283
189271.68069626283
187367.29203984168
187367.29203984168
185481.4196820925
185481.4196820925
183613.89299238895
183613.89299238895
181764.54277626477
181764.54277626477
179933.20126811802
179933.20126811802
178119.70212686944
178119.70212686944
176323.88041649098
176323.88041649098
175432.5474376514
