9.522065555759248e-15
9.522056826916987e-15
9.522000196458286e-15
9.521858669019706e-15
9.521562390054177e-15
9.52111498851622e-15
9.520395765951611e-15
9.519430052664725e-15
9.518209865986669e-15
9.516520022948174e-15
9.514580901865513e-15
9.512025748076244e-15
9.50920893230393e-15
9.505618356604265e-15
9.501768506571832e-15
9.49697599560465e-15
9.491717937430654e-15
9.486034258163879e-15
9.479133948225162e-15
9.47204250392684e-15
9.463538223586773e-15
9.454894002108484e-15
9.444630016162335e-15
9.434290464326564e-15
9.422113584808179e-15
9.409938395852281e-15
9.396266150591663e-15
9.380937726043973e-15
9.365750430435278e-15
9.348135858208021e-15
9.330770726564539e-15
9.310724115094367e-15
9.29104730327923e-15
9.268424533535596e-15
9.246303816806481e-15
9.221964122730775e-15
9.195210773845836e-15
9.16917995948885e-15
9.139498166172464e-15
9.110700616884107e-15
9.07795337098843e-15
9.0462639845149e-15
9.010317496921507e-15
8.975614682210406e-15
8.936339731143735e-15
8.896897379805717e-15
8.857458367011785e-15
8.812964430424333e-15
8.770237035818644e-15
8.722131074233691e-15
