12532.039658553313
632705.3724990399
831173.6268443522
951172.832318441
1.0424530932721938e6
1.1084325578274343e6
1.1760374838567697e6
1.2957866132675502e6
1.4273602584905275e6
1.540280910573832e6
1.6272917908063822e6
1.7070737969152331e6
1.7696049421385934e6
1.8271250223262925e6
1.8720841663688945e6
1.9131867867135631e6
1.946262155715729e6
1.9728895841981815e6
1.9968777228626574e6
2.0151967802131088e6
2.0315639648572854e6
2.0440028000011218e6
2.0551352559346806e6
2.063699331133567e6
2.071581779303691e6
2.0779490205768826e6
2.084014737084243e6
2.090068609163574e6
2.0957251086577564e6
2.102225982927836e6
2.1088134595648907e6
2.1168227141484753e6
2.1252001499804934e6
2.1354910504533644e6
2.1461850705142226e6
2.158529325557603e6
2.1725048214885225e6
2.1860764461056204e6
2.2007382968842466e6
2.212988131770405e6
2.222390871621839e6
2.2234480689728423e6
2.2075567369889054e6
2.159476819160597e6
1.9889956516842656e6
2.0664307685371381e6
2.3170904438629313e6
2.7491486333166873e6
3.3462174337617513e6
4.322428593701589e6
